1 5 0.000100
1 10 0.000100
1 12 0.000100
1 14 0.000100
1 15 0.000100
2 6 0.000100
2 7 0.000200
2 8 0.000100
2 9 0.000400
2 10 0.000300
2 11 0.000200
2 12 0.000200
2 13 0.000300
2 14 0.000100
2 15 0.000100
3 3 0.000100
3 4 0.000200
3 5 0.000100
3 6 0.000500
3 7 0.000500
3 8 0.000900
3 9 0.001100
3 10 0.000600
3 11 0.001300
3 12 0.000700
3 13 0.000500
3 14 0.000400
3 16 0.000200
3 17 0.000100
3 18 0.000100
4 3 0.000200
4 4 0.000200
4 5 0.000600
4 6 0.001200
4 7 0.002400
4 8 0.002000
4 9 0.001800
4 10 0.002400
4 11 0.002300
4 12 0.001800
4 13 0.001200
4 14 0.000800
4 15 0.001100
4 16 0.000400
4 17 0.000200
4 18 0.000500
4 19 0.000100
4 21 0.000100
5 1 0.000100
5 2 0.000200
5 3 0.000100
5 4 0.001100
5 5 0.001400
5 6 0.002800
5 7 0.003300
5 8 0.003500
5 9 0.005100
5 10 0.004700
5 11 0.003100
5 12 0.003400
5 13 0.002900
5 14 0.002800
5 15 0.000900
5 16 0.000600
5 17 0.000300
5 18 0.000400
5 19 0.000100
6 2 0.000100
6 3 0.000800
6 4 0.001200
6 5 0.001300
6 6 0.004200
6 7 0.004900
6 8 0.007600
6 9 0.007900
6 10 0.007000
6 11 0.007400
6 12 0.006800
6 13 0.005400
6 14 0.003400
6 15 0.002300
6 16 0.001300
6 17 0.000700
6 18 0.000600
6 20 0.000100
7 2 0.000200
7 3 0.000800
7 4 0.001300
7 5 0.002800
7 6 0.005800
7 7 0.006300
7 8 0.009600
7 9 0.010600
7 10 0.010700
7 11 0.011700
7 12 0.009100
7 13 0.008300
7 14 0.004500
7 15 0.003200
7 16 0.001500
7 17 0.001200
7 18 0.001100
7 23 0.000100
8 2 0.000300
8 3 0.000600
8 4 0.002800
8 5 0.004500
8 6 0.007300
8 7 0.010300
8 8 0.010600
8 9 0.015100
8 10 0.015100
8 11 0.014100
8 12 0.011100
8 13 0.006700
8 14 0.006600
8 15 0.004300
8 16 0.003200
8 17 0.002200
8 18 0.000800
8 19 0.000600
8 20 0.000200
8 21 0.000100
8 25 0.000100
9 1 0.000100
9 2 0.000100
9 3 0.001000
9 4 0.002700
9 5 0.003600
9 6 0.006500
9 7 0.010100
9 8 0.013100
9 9 0.015000
9 10 0.014300
9 11 0.015200
9 12 0.012500
9 13 0.009300
9 14 0.006900
9 15 0.003600
9 16 0.003000
9 17 0.001500
9 18 0.001200
9 19 0.000300
9 20 0.000200
9 21 0.000100
9 23 0.000100
9 25 0.000100
10 1 0.000200
10 2 0.000300
10 3 0.001400
10 4 0.001900
10 5 0.003800
10 6 0.006900
10 7 0.011300
10 8 0.013200
10 9 0.017800
10 10 0.018000
10 11 0.014000
10 12 0.012400
10 13 0.009400
10 14 0.008600
10 15 0.005200
10 16 0.003700
10 17 0.002200
10 18 0.000900
10 19 0.000300
10 20 0.000300
10 21 0.000100
10 22 0.000100
11 1 0.000100
11 2 0.000100
11 3 0.001000
11 4 0.002300
11 5 0.003700
11 6 0.007200
11 7 0.012100
11 8 0.012200
11 9 0.010800
11 10 0.012900
11 11 0.012600
11 12 0.010800
11 13 0.009400
11 14 0.005400
11 15 0.004000
11 16 0.002700
11 17 0.001100
11 18 0.001200
11 19 0.000300
11 20 0.000200
11 21 0.000100
11 25 0.000100
12 2 0.000300
12 3 0.001200
12 4 0.001000
12 5 0.003100
12 6 0.004400
12 7 0.007500
12 8 0.009900
12 9 0.010600
12 10 0.010500
12 11 0.010300
12 12 0.008900
12 13 0.006800
12 14 0.005800
12 15 0.002700
12 16 0.003000
12 17 0.001700
12 18 0.000600
12 19 0.000400
12 20 0.000200
12 22 0.000100
13 1 0.000100
13 2 0.000300
13 3 0.000400
13 4 0.001500
13 5 0.001900
13 6 0.006200
13 7 0.006300
13 8 0.007700
13 9 0.008900
13 10 0.009200
13 11 0.009100
13 12 0.007500
13 13 0.005500
13 14 0.004300
13 15 0.002600
13 16 0.001300
13 17 0.000700
13 18 0.000200
13 19 0.000500
13 20 0.000200
13 21 0.000200
14 3 0.000600
14 4 0.001100
14 5 0.003000
14 6 0.004500
14 7 0.005100
14 8 0.005500
14 9 0.008500
14 10 0.005400
14 11 0.005000
14 12 0.005600
14 13 0.003800
14 14 0.002600
14 15 0.001500
14 16 0.001300
14 17 0.000600
14 18 0.000400
14 19 0.000100
14 21 0.000100
15 3 0.000300
15 4 0.001000
15 5 0.001300
15 6 0.002400
15 7 0.002800
15 8 0.003500
15 9 0.003200
15 10 0.003600
15 11 0.003700
15 12 0.004700
15 13 0.002400
15 14 0.002300
15 15 0.001200
15 16 0.000500
15 17 0.000300
15 18 0.000200
15 20 0.000100
16 3 0.000200
16 4 0.000500
16 5 0.000900
16 6 0.002000
16 7 0.002200
16 8 0.002600
16 9 0.003200
16 10 0.001900
16 11 0.002100
16 12 0.002800
16 13 0.001800
16 14 0.000800
16 15 0.001200
16 16 0.000300
16 17 0.000100
16 18 0.000100
16 19 0.000100
17 4 0.000200
17 5 0.001000
17 6 0.001100
17 7 0.001500
17 8 0.000900
17 9 0.001100
17 10 0.001500
17 11 0.001600
17 12 0.001000
17 13 0.000800
17 14 0.000700
17 15 0.000600
17 16 0.000200
17 17 0.000200
17 19 0.000100
17 21 0.000100
18 4 0.000200
18 5 0.000500
18 6 0.000600
18 7 0.000600
18 8 0.000900
18 9 0.001800
18 10 0.001200
18 11 0.000500
18 12 0.000300
18 13 0.001100
18 14 0.000400
18 16 0.000100
19 5 0.000100
19 6 0.000200
19 7 0.000300
19 8 0.000500
19 9 0.000600
19 10 0.000200
19 11 0.000400
19 12 0.000300
19 13 0.000200
19 14 0.000200
19 15 0.000300
19 16 0.000100
19 17 0.000200
19 19 0.000100
20 6 0.000200
20 7 0.000100
20 8 0.000200
20 9 0.000200
20 10 0.000600
20 11 0.000100
20 12 0.000300
20 13 0.000200
21 7 0.000200
21 8 0.000100
21 9 0.000200
21 10 0.000200
21 11 0.000100
21 13 0.000100
21 14 0.000100
22 7 0.000100
22 9 0.000100
22 10 0.000100
22 14 0.000100
22 15 0.000100
23 9 0.000100
23 10 0.000100
24 5 0.000100
24 10 0.000100
