   0.0000000e+00   1.0000000e-03
   1.0000000e-02   1.0797201e-03
   2.0000000e-02   1.0518443e-03
   3.0000000e-02   1.0761361e-03
   4.0000000e-02   1.1039251e-03
   5.0000000e-02   1.1331599e-03
   6.0000000e-02   1.1639145e-03
   7.0000000e-02   1.1963108e-03
   8.0000000e-02   1.2304822e-03
   9.0000000e-02   1.2665669e-03
   1.0000000e-01   1.3047364e-03
   1.1000000e-01   1.3451765e-03
   1.2000000e-01   1.3880964e-03
   1.3000000e-01   1.4337317e-03
   1.4000000e-01   1.4823495e-03
   1.5000000e-01   1.5342528e-03
   1.6000000e-01   1.5897873e-03
   1.7000000e-01   1.6493492e-03
   1.8000000e-01   1.7133949e-03
   1.9000000e-01   1.7824523e-03
   2.0000000e-01   1.8571362e-03
   2.1000000e-01   1.9381667e-03
   2.2000000e-01   2.0263926e-03
   2.3000000e-01   2.1228222e-03
   2.4000000e-01   2.2286625e-03
   2.5000000e-01   2.3453709e-03
   2.6000000e-01   2.4747244e-03
   2.7000000e-01   2.6189130e-03
   2.8000000e-01   2.7806678e-03
   2.9000000e-01   2.9634412e-03
   3.0000000e-01   3.1716644e-03
   3.1000000e-01   3.4111255e-03
   3.2000000e-01   3.6895399e-03
   3.3000000e-01   4.0174399e-03
   3.4000000e-01   4.4096176e-03
   3.5000000e-01   4.8875788e-03
   3.6000000e-01   5.4839678e-03
   3.7000000e-01   6.2511675e-03
   3.8000000e-01   7.2797652e-03
   3.9000000e-01   8.7441702e-03
   4.0000000e-01   1.1042102e-02
   4.1000000e-01   1.5409594e-02
   4.2000000e-01   3.0041829e-02
   4.3000000e-01   8.6040417e-01
   4.4000000e-01   8.7925218e-01
   4.5000000e-01   8.9541643e-01
   4.6000000e-01   9.0919490e-01
   4.7000000e-01   9.2101605e-01
   4.8000000e-01   9.3120933e-01
   4.9000000e-01   9.4003417e-01
   5.0000000e-01   9.4769861e-01
   5.1000000e-01   9.5437208e-01
   5.2000000e-01   9.6019429e-01
   5.3000000e-01   9.6528171e-01
   5.4000000e-01   9.6973226e-01
   5.5000000e-01   9.7362893e-01
   5.6000000e-01   9.7704251e-01
   5.7000000e-01   9.8003375e-01
   5.8000000e-01   9.8265501e-01
   5.9000000e-01   9.8495165e-01
   6.0000000e-01   9.8696311e-01
   6.1000000e-01   9.8872379e-01
   6.2000000e-01   9.9026379e-01
   6.3000000e-01   9.9160949e-01
   6.4000000e-01   9.9278410e-01
   6.5000000e-01   9.9380806e-01
   6.6000000e-01   9.9469940e-01
   6.7000000e-01   9.9547401e-01
   6.8000000e-01   9.9614599e-01
   6.9000000e-01   9.9672778e-01
   7.0000000e-01   9.9723041e-01
   7.1000000e-01   9.9766362e-01
   7.2000000e-01   9.9803609e-01
   7.3000000e-01   9.9835541e-01
   7.4000000e-01   9.9862839e-01
   7.5000000e-01   9.9886104e-01
   7.6000000e-01   9.9905865e-01
   7.7000000e-01   9.9922583e-01
   7.8000000e-01   9.9936674e-01
   7.9000000e-01   9.9948502e-01
   8.0000000e-01   9.9958386e-01
   8.1000000e-01   9.9966602e-01
   8.2000000e-01   9.9973394e-01
   8.3000000e-01   9.9978981e-01
   8.4000000e-01   9.9983543e-01
   8.5000000e-01   9.9987244e-01
   8.6000000e-01   9.9990225e-01
   8.7000000e-01   9.9992607e-01
   8.8000000e-01   9.9994484e-01
   8.9000000e-01   9.9995954e-01
   9.0000000e-01   9.9997091e-01
   9.1000000e-01   9.9997956e-01
   9.2000000e-01   9.9998604e-01
   9.3000000e-01   9.9999079e-01
   9.4000000e-01   9.9999420e-01
   9.5000000e-01   9.9999656e-01
   9.6000000e-01   9.9999813e-01
   9.7000000e-01   9.9999911e-01
   9.8000000e-01   9.9999967e-01
   9.9000000e-01   9.9999993e-01
   1.0000000e+00   1.0000000e+00
