   0.0000000e+00   1.0000000e-03
   1.0000000e-02   1.0562555e-03
   2.0000000e-02   1.0688156e-03
   3.0000000e-02   1.1064866e-03
   4.0000000e-02   1.1469210e-03
   5.0000000e-02   1.1902546e-03
   6.0000000e-02   1.2368197e-03
   7.0000000e-02   1.2869928e-03
   8.0000000e-02   1.3412107e-03
   9.0000000e-02   1.3999836e-03
   1.0000000e-01   1.4639112e-03
   1.1000000e-01   1.5337036e-03
   1.2000000e-01   1.6102077e-03
   1.3000000e-01   1.6944420e-03
   1.4000000e-01   1.7876424e-03
   1.5000000e-01   1.8913238e-03
   1.6000000e-01   2.0073631e-03
   1.7000000e-01   2.1381152e-03
   1.8000000e-01   2.2865757e-03
   1.9000000e-01   2.4566151e-03
   2.0000000e-01   2.6533248e-03
   2.1000000e-01   2.8835423e-03
   2.2000000e-01   3.1566732e-03
   2.3000000e-01   3.4860307e-03
   2.4000000e-01   3.8911159e-03
   2.5000000e-01   4.4017242e-03
   2.6000000e-01   5.0658670e-03
   2.7000000e-01   5.9664787e-03
   2.8000000e-01   7.2611750e-03
   2.9000000e-01   9.2949124e-03
   3.0000000e-01   1.3021965e-02
   3.1000000e-01   2.2655099e-02
   3.2000000e-01   1.1522639e-01
   3.3000000e-01   6.8509629e-01
   3.4000000e-01   7.3630675e-01
   3.5000000e-01   7.7641681e-01
   3.6000000e-01   8.0887966e-01
   3.7000000e-01   8.3568470e-01
   3.8000000e-01   8.5812725e-01
   3.9000000e-01   8.7710926e-01
   4.0000000e-01   8.9328901e-01
   4.1000000e-01   9.0716380e-01
   4.2000000e-01   9.1911938e-01
   4.3000000e-01   9.2946124e-01
   4.4000000e-01   9.3843537e-01
   4.5000000e-01   9.4624259e-01
   4.6000000e-01   9.5304874e-01
   4.7000000e-01   9.5899206e-01
   4.8000000e-01   9.6418877e-01
   4.9000000e-01   9.6873729e-01
   5.0000000e-01   9.7272142e-01
   5.1000000e-01   9.7621296e-01
   5.2000000e-01   9.7927370e-01
   5.3000000e-01   9.8195704e-01
   5.4000000e-01   9.8430929e-01
   5.5000000e-01   9.8637074e-01
   5.6000000e-01   9.8817657e-01
   5.7000000e-01   9.8975754e-01
   5.8000000e-01   9.9114064e-01
   5.9000000e-01   9.9234957e-01
   6.0000000e-01   9.9340519e-01
   6.1000000e-01   9.9432587e-01
   6.2000000e-01   9.9512934e-01
   6.3000000e-01   9.9582537e-01
   6.4000000e-01   9.9643115e-01
   6.5000000e-01   9.9695635e-01
   6.6000000e-01   9.9741085e-01
   6.7000000e-01   9.9780337e-01
   6.8000000e-01   9.9814171e-01
   6.9000000e-01   9.9843267e-01
   7.0000000e-01   9.9868227e-01
   7.1000000e-01   9.9889583e-01
   7.2000000e-01   9.9907803e-01
   7.3000000e-01   9.9923314e-01
   7.4000000e-01   9.9936462e-01
   7.5000000e-01   9.9947593e-01
   7.6000000e-01   9.9956963e-01
   7.7000000e-01   9.9964833e-01
   7.8000000e-01   9.9971408e-01
   7.9000000e-01   9.9976887e-01
   8.0000000e-01   9.9981427e-01
   8.1000000e-01   9.9985173e-01
   8.2000000e-01   9.9988248e-01
   8.3000000e-01   9.9990757e-01
   8.4000000e-01   9.9992792e-01
   8.5000000e-01   9.9994432e-01
   8.6000000e-01   9.9995744e-01
   8.7000000e-01   9.9996786e-01
   8.8000000e-01   9.9997606e-01
   8.9000000e-01   9.9998244e-01
   9.0000000e-01   9.9998735e-01
   9.1000000e-01   9.9999109e-01
   9.2000000e-01   9.9999389e-01
   9.3000000e-01   9.9999594e-01
   9.4000000e-01   9.9999742e-01
   9.5000000e-01   9.9999845e-01
   9.6000000e-01   9.9999915e-01
   9.7000000e-01   9.9999959e-01
   9.8000000e-01   9.9999984e-01
   9.9000000e-01   9.9999997e-01
   1.0000000e+00   1.0000000e+00
