   0.0000000e+00   1.0000000e-03
   1.0000000e-02   1.3392824e-03
   2.0000000e-02   1.2953616e-03
   3.0000000e-02   1.3367473e-03
   4.0000000e-02   1.3763373e-03
   5.0000000e-02   1.4160561e-03
   6.0000000e-02   1.4575807e-03
   7.0000000e-02   1.5014816e-03
   8.0000000e-02   1.5482320e-03
   9.0000000e-02   1.5980064e-03
   1.0000000e-01   1.6511172e-03
   1.1000000e-01   1.7079101e-03
   1.2000000e-01   1.7687787e-03
   1.3000000e-01   1.8341759e-03
   1.4000000e-01   1.9046254e-03
   1.5000000e-01   1.9807356e-03
   1.6000000e-01   2.0632172e-03
   1.7000000e-01   2.1529060e-03
   1.8000000e-01   2.2507906e-03
   1.9000000e-01   2.3580504e-03
   2.0000000e-01   2.4761033e-03
   2.1000000e-01   2.6066695e-03
   2.2000000e-01   2.7518578e-03
   2.3000000e-01   2.9142817e-03
   2.4000000e-01   3.0972216e-03
   2.5000000e-01   3.3048536e-03
   2.6000000e-01   3.5425806e-03
   2.7000000e-01   3.8175235e-03
   2.8000000e-01   4.1392716e-03
   2.9000000e-01   4.5210704e-03
   3.0000000e-01   4.9817801e-03
   3.1000000e-01   5.5492725e-03
   3.2000000e-01   6.2667027e-03
   3.3000000e-01   7.2050620e-03
   3.4000000e-01   8.4911755e-03
   3.5000000e-01   1.0380636e-02
   3.6000000e-01   1.3500214e-02
   3.7000000e-01   2.0103225e-02
   3.8000000e-01   5.5269909e-02
   3.9000000e-01   8.0650667e-01
   4.0000000e-01   8.3442853e-01
   4.1000000e-01   8.5751376e-01
   4.2000000e-01   8.7687175e-01
   4.3000000e-01   8.9327131e-01
   4.4000000e-01   9.0727243e-01
   4.5000000e-01   9.1929776e-01
   4.6000000e-01   9.2967508e-01
   4.7000000e-01   9.3866407e-01
   4.8000000e-01   9.4647404e-01
   4.9000000e-01   9.5327611e-01
   5.0000000e-01   9.5921176e-01
   5.1000000e-01   9.6439920e-01
   5.2000000e-01   9.6893798e-01
   5.3000000e-01   9.7291257e-01
   5.4000000e-01   9.7639510e-01
   5.5000000e-01   9.7944747e-01
   5.6000000e-01   9.8212308e-01
   5.7000000e-01   9.8446819e-01
   5.8000000e-01   9.8652300e-01
   5.9000000e-01   9.8832259e-01
   6.0000000e-01   9.8989764e-01
   6.1000000e-01   9.9127502e-01
   6.2000000e-01   9.9247838e-01
   6.3000000e-01   9.9352850e-01
   6.4000000e-01   9.9444373e-01
   6.5000000e-01   9.9524024e-01
   6.6000000e-01   9.9593233e-01
   6.7000000e-01   9.9653270e-01
   6.8000000e-01   9.9705237e-01
   6.9000000e-01   9.9750140e-01
   7.0000000e-01   9.9788849e-01
   7.1000000e-01   9.9822180e-01
   7.2000000e-01   9.9850696e-01
   7.3000000e-01   9.9875128e-01
   7.4000000e-01   9.9895968e-01
   7.5000000e-01   9.9913691e-01
   7.6000000e-01   9.9928711e-01
   7.7000000e-01   9.9941393e-01
   7.8000000e-01   9.9952066e-01
   7.9000000e-01   9.9961012e-01
   8.0000000e-01   9.9968473e-01
   8.1000000e-01   9.9974669e-01
   8.2000000e-01   9.9979789e-01
   8.3000000e-01   9.9983996e-01
   8.4000000e-01   9.9987434e-01
   8.5000000e-01   9.9990223e-01
   8.6000000e-01   9.9992474e-01
   8.7000000e-01   9.9994273e-01
   8.8000000e-01   9.9995700e-01
   8.9000000e-01   9.9996821e-01
   9.0000000e-01   9.9997692e-01
   9.1000000e-01   9.9998359e-01
   9.2000000e-01   9.9998864e-01
   9.3000000e-01   9.9999239e-01
   9.4000000e-01   9.9999512e-01
   9.5000000e-01   9.9999704e-01
   9.6000000e-01   9.9999835e-01
   9.7000000e-01   9.9999919e-01
   9.8000000e-01   9.9999969e-01
   9.9000000e-01   9.9999993e-01
   1.0000000e+00   1.0000000e+00
