   0.0000000e+00   1.0000000e-03
   1.0000000e-02   1.0811307e-03
   2.0000000e-02   1.0607261e-03
   3.0000000e-02   1.0937683e-03
   4.0000000e-02   1.1290279e-03
   5.0000000e-02   1.1664899e-03
   6.0000000e-02   1.2063634e-03
   7.0000000e-02   1.2488892e-03
   8.0000000e-02   1.2943412e-03
   9.0000000e-02   1.3430325e-03
   1.0000000e-01   1.3953225e-03
   1.1000000e-01   1.4516258e-03
   1.2000000e-01   1.5124233e-03
   1.3000000e-01   1.5782763e-03
   1.4000000e-01   1.6498432e-03
   1.5000000e-01   1.7279026e-03
   1.6000000e-01   1.8133813e-03
   1.7000000e-01   1.9073914e-03
   1.8000000e-01   2.0112795e-03
   1.9000000e-01   2.1266921e-03
   2.0000000e-01   2.2556637e-03
   2.1000000e-01   2.4007388e-03
   2.2000000e-01   2.5651430e-03
   2.3000000e-01   2.7530276e-03
   2.4000000e-01   2.9698290e-03
   2.5000000e-01   3.2228093e-03
   2.6000000e-01   3.5218975e-03
   2.7000000e-01   3.8810441e-03
   2.8000000e-01   4.3205029e-03
   2.9000000e-01   4.8708779e-03
   3.0000000e-01   5.5807863e-03
   3.1000000e-01   6.5326253e-03
   3.2000000e-01   7.8788101e-03
   3.3000000e-01   9.9390581e-03
   3.4000000e-01   1.3530233e-02
   3.5000000e-01   2.1597925e-02
   3.6000000e-01   5.5522276e-02
   3.7000000e-01   4.8170693e-01
   3.8000000e-01   6.0882011e-01
   3.9000000e-01   6.6421168e-01
   4.0000000e-01   7.0861185e-01
   4.1000000e-01   7.4534701e-01
   4.2000000e-01   7.7632891e-01
   4.3000000e-01   8.0280739e-01
   4.4000000e-01   8.2565789e-01
   4.5000000e-01   8.4552402e-01
   4.6000000e-01   8.6289610e-01
   4.7000000e-01   8.7815801e-01
   4.8000000e-01   8.9161680e-01
   4.9000000e-01   9.0352235e-01
   5.0000000e-01   9.1408090e-01
   5.1000000e-01   9.2346468e-01
   5.2000000e-01   9.3181898e-01
   5.3000000e-01   9.3926740e-01
   5.4000000e-01   9.4591584e-01
   5.5000000e-01   9.5185569e-01
   5.6000000e-01   9.5716617e-01
   5.7000000e-01   9.6191639e-01
   5.8000000e-01   9.6616683e-01
   5.9000000e-01   9.6997068e-01
   6.0000000e-01   9.7337486e-01
   6.1000000e-01   9.7642091e-01
   6.2000000e-01   9.7914570e-01
   6.3000000e-01   9.8158206e-01
   6.4000000e-01   9.8375927e-01
   6.5000000e-01   9.8570351e-01
   6.6000000e-01   9.8743824e-01
   6.7000000e-01   9.8898451e-01
   6.8000000e-01   9.9036124e-01
   6.9000000e-01   9.9158548e-01
   7.0000000e-01   9.9267256e-01
   7.1000000e-01   9.9363634e-01
   7.2000000e-01   9.9448933e-01
   7.3000000e-01   9.9524283e-01
   7.4000000e-01   9.9590707e-01
   7.5000000e-01   9.9649128e-01
   7.6000000e-01   9.9700385e-01
   7.7000000e-01   9.9745236e-01
   7.8000000e-01   9.9784364e-01
   7.9000000e-01   9.9818393e-01
   8.0000000e-01   9.9847884e-01
   8.1000000e-01   9.9873344e-01
   8.2000000e-01   9.9895233e-01
   8.3000000e-01   9.9913987e-01
   8.4000000e-01   9.9929917e-01
   8.5000000e-01   9.9943422e-01
   8.6000000e-01   9.9954788e-01
   8.7000000e-01   9.9964285e-01
   8.8000000e-01   9.9972159e-01
   8.9000000e-01   9.9978629e-01
   9.0000000e-01   9.9983890e-01
   9.1000000e-01   9.9988117e-01
   9.2000000e-01   9.9991464e-01
   9.3000000e-01   9.9994069e-01
   9.4000000e-01   9.9996053e-01
   9.5000000e-01   9.9997522e-01
   9.6000000e-01   9.9998569e-01
   9.7000000e-01   9.9999275e-01
   9.8000000e-01   9.9999710e-01
   9.9000000e-01   9.9999935e-01
   1.0000000e+00   1.0000000e+00
