   0.0000000e+00   1.0000000e-03
   1.0000000e-02   1.0954643e-03
   2.0000000e-02   1.0360062e-03
   3.0000000e-02   1.0540898e-03
   4.0000000e-02   1.0771370e-03
   5.0000000e-02   1.1013764e-03
   6.0000000e-02   1.1266733e-03
   7.0000000e-02   1.1531106e-03
   8.0000000e-02   1.1808032e-03
   9.0000000e-02   1.2097600e-03
   1.0000000e-01   1.2401135e-03
   1.1000000e-01   1.2719672e-03
   1.2000000e-01   1.3054350e-03
   1.3000000e-01   1.3406427e-03
   1.4000000e-01   1.3777294e-03
   1.5000000e-01   1.4168497e-03
   1.6000000e-01   1.4581760e-03
   1.7000000e-01   1.5019009e-03
   1.8000000e-01   1.5482400e-03
   1.9000000e-01   1.5975002e-03
   2.0000000e-01   1.6498293e-03
   2.1000000e-01   1.7055985e-03
   2.2000000e-01   1.7651594e-03
   2.3000000e-01   1.8289158e-03
   2.4000000e-01   1.8973314e-03
   2.5000000e-01   1.9709373e-03
   2.6000000e-01   2.0503514e-03
   2.7000000e-01   2.1362978e-03
   2.8000000e-01   2.2296254e-03
   2.9000000e-01   2.3313265e-03
   3.0000000e-01   2.4426016e-03
   3.1000000e-01   2.5648829e-03
   3.2000000e-01   2.6999002e-03
   3.3000000e-01   2.8497793e-03
   3.4000000e-01   3.0171537e-03
   3.5000000e-01   3.2053301e-03
   3.6000000e-01   3.4185116e-03
   3.7000000e-01   3.6621460e-03
   3.8000000e-01   3.9434031e-03
   3.9000000e-01   4.2719704e-03
   4.0000000e-01   4.6611892e-03
   4.1000000e-01   5.1304840e-03
   4.2000000e-01   5.7085065e-03
   4.3000000e-01   6.4404809e-03
   4.4000000e-01   7.4028558e-03
   4.5000000e-01   8.7386352e-03
   4.6000000e-01   1.0761657e-02
   4.7000000e-01   1.4388059e-02
   4.8000000e-01   2.4817848e-02
   4.9000000e-01   9.1098255e-01
   5.0000000e-01   9.2283373e-01
   5.1000000e-01   9.3278304e-01
   5.2000000e-01   9.4139862e-01
   5.3000000e-01   9.4888424e-01
   5.4000000e-01   9.5540522e-01
   5.5000000e-01   9.6109757e-01
   5.6000000e-01   9.6607439e-01
   5.7000000e-01   9.7043074e-01
   5.8000000e-01   9.7424708e-01
   5.9000000e-01   9.7759205e-01
   6.0000000e-01   9.8052453e-01
   6.1000000e-01   9.8309531e-01
   6.2000000e-01   9.8534842e-01
   6.3000000e-01   9.8732215e-01
   6.4000000e-01   9.8904996e-01
   6.5000000e-01   9.9056114e-01
   6.6000000e-01   9.9188139e-01
   6.7000000e-01   9.9303338e-01
   6.8000000e-01   9.9403706e-01
   6.9000000e-01   9.9491007e-01
   7.0000000e-01   9.9566801e-01
   7.1000000e-01   9.9632470e-01
   7.2000000e-01   9.9689239e-01
   7.3000000e-01   9.9738192e-01
   7.4000000e-01   9.9780293e-01
   7.5000000e-01   9.9816392e-01
   7.6000000e-01   9.9847251e-01
   7.7000000e-01   9.9873538e-01
   7.8000000e-01   9.9895836e-01
   7.9000000e-01   9.9914707e-01
   8.0000000e-01   9.9930580e-01
   8.1000000e-01   9.9943874e-01
   8.2000000e-01   9.9954956e-01
   8.3000000e-01   9.9964138e-01
   8.4000000e-01   9.9971701e-01
   8.5000000e-01   9.9977888e-01
   8.6000000e-01   9.9982912e-01
   8.7000000e-01   9.9986958e-01
   8.8000000e-01   9.9990187e-01
   8.9000000e-01   9.9992736e-01
   9.0000000e-01   9.9994725e-01
   9.1000000e-01   9.9996256e-01
   9.2000000e-01   9.9997415e-01
   9.3000000e-01   9.9998276e-01
   9.4000000e-01   9.9998900e-01
   9.5000000e-01   9.9999339e-01
   9.6000000e-01   9.9999635e-01
   9.7000000e-01   9.9999823e-01
   9.8000000e-01   9.9999933e-01
   9.9000000e-01   9.9999986e-01
   1.0000000e+00   1.0000000e+00
