   0.0000000e+00   1.8807910e-31
   1.0000000e-02   2.3780170e-03
   2.0000000e-02   4.6719319e-03
   3.0000000e-02   7.6882837e-03
   4.0000000e-02   1.0104112e-02
   5.0000000e-02   8.5941061e-03
   6.0000000e-02   1.3857660e-02
   7.0000000e-02   1.3888242e-02
   8.0000000e-02   1.3537337e-02
   9.0000000e-02   1.6549912e-02
   1.0000000e-01   2.3111305e-02
   1.1000000e-01   1.8878201e-02
   1.2000000e-01   2.1036379e-02
   1.3000000e-01   2.5488372e-02
   1.4000000e-01   2.8036458e-02
   1.5000000e-01   3.1574726e-02
   1.6000000e-01   3.1219252e-02
   1.7000000e-01   3.3898188e-02
   1.8000000e-01   3.6680018e-02
   1.9000000e-01   4.0116434e-02
   2.0000000e-01   4.6659839e-02
   2.1000000e-01   4.7822827e-02
   2.2000000e-01   5.1088007e-02
   2.3000000e-01   5.7177674e-02
   2.4000000e-01   6.2994754e-02
   2.5000000e-01   6.4491556e-02
   2.6000000e-01   7.4618748e-02
   2.7000000e-01   7.6301934e-02
   2.8000000e-01   7.6610755e-02
   2.9000000e-01   8.5352907e-02
   3.0000000e-01   1.0623591e-01
   3.1000000e-01   9.5683473e-02
   3.2000000e-01   1.4107319e-01
   3.3000000e-01   1.2901873e-01
   3.4000000e-01   1.2312275e-01
   3.5000000e-01   2.0147309e-01
   3.6000000e-01   1.9806526e-01
   3.7000000e-01   2.2223134e-01
   3.8000000e-01   4.3113294e-01
   3.9000000e-01   8.7291695e+00
   4.0000000e-01   1.8431815e+00
   4.1000000e-01   8.8035098e-03
   4.2000000e-01   8.4669212e-05
   4.3000000e-01   6.4669672e-05
   4.4000000e-01   4.6890994e-05
   4.5000000e-01   3.2238615e-05
   4.6000000e-01   2.6573480e-05
   4.7000000e-01   2.2049430e-05
   4.8000000e-01   1.5932180e-05
   4.9000000e-01   1.3174675e-05
   5.0000000e-01   9.1791525e-06
   5.1000000e-01   8.9476624e-06
   5.2000000e-01   6.9810084e-06
   5.3000000e-01   5.4043291e-06
   5.4000000e-01   4.5605763e-06
   5.5000000e-01   4.0102487e-06
   5.6000000e-01   3.1318995e-06
   5.7000000e-01   2.6587205e-06
   5.8000000e-01   2.5000391e-06
   5.9000000e-01   2.0452730e-06
   6.0000000e-01   1.7438995e-06
   6.1000000e-01   1.4018779e-06
   6.2000000e-01   1.1625907e-06
   6.3000000e-01   9.6109700e-07
   6.4000000e-01   7.9758886e-07
   6.5000000e-01   6.8034205e-07
   6.6000000e-01   5.6123955e-07
   6.7000000e-01   4.7450162e-07
   6.8000000e-01   4.0981497e-07
   6.9000000e-01   3.4620735e-07
   7.0000000e-01   2.7185366e-07
   7.1000000e-01   2.5202007e-07
   7.2000000e-01   2.2229458e-07
   7.3000000e-01   1.8037159e-07
   7.4000000e-01   1.4706864e-07
   7.5000000e-01   1.2019048e-07
   7.6000000e-01   9.5992582e-08
   7.7000000e-01   8.0073252e-08
   7.8000000e-01   6.5050243e-08
   7.9000000e-01   5.5076618e-08
   8.0000000e-01   3.9650798e-08
   8.1000000e-01   3.2424956e-08
   8.2000000e-01   2.4199730e-08
   8.3000000e-01   2.1364738e-08
   8.4000000e-01   1.6470825e-08
   8.5000000e-01   1.2289463e-08
   8.6000000e-01   1.0164751e-08
   8.7000000e-01   6.8302589e-09
   8.8000000e-01   5.2171707e-09
   8.9000000e-01   3.9968344e-09
   9.0000000e-01   3.0009420e-09
   9.1000000e-01   2.1946621e-09
   9.2000000e-01   1.3251014e-09
   9.3000000e-01   9.4171222e-10
   9.4000000e-01   5.2349783e-10
   9.5000000e-01   2.4447194e-10
   9.6000000e-01   1.5728577e-10
   9.7000000e-01   3.9800391e-11
   9.8000000e-01   2.9880228e-11
   9.9000000e-01   0.0000000e+00
   1.0000000e+00   0.0000000e+00
