   0.0000000e+00   1.8807910e-31
   1.0000000e-02   1.9622616e-03
   2.0000000e-02   4.1281720e-03
   3.0000000e-02   5.9873131e-03
   4.0000000e-02   8.5171960e-03
   5.0000000e-02   1.0336345e-02
   6.0000000e-02   8.8475594e-03
   7.0000000e-02   1.2076254e-02
   8.0000000e-02   1.6402545e-02
   9.0000000e-02   1.4082637e-02
   1.0000000e-01   1.6439759e-02
   1.1000000e-01   1.9019005e-02
   1.2000000e-01   2.0009690e-02
   1.3000000e-01   1.9620278e-02
   1.4000000e-01   2.6244504e-02
   1.5000000e-01   2.6992597e-02
   1.6000000e-01   2.2973207e-02
   1.7000000e-01   2.8448679e-02
   1.8000000e-01   2.6680616e-02
   1.9000000e-01   3.6806191e-02
   2.0000000e-01   3.6860438e-02
   2.1000000e-01   3.8193501e-02
   2.2000000e-01   3.6884802e-02
   2.3000000e-01   4.9928095e-02
   2.4000000e-01   4.3495779e-02
   2.5000000e-01   4.7063414e-02
   2.6000000e-01   4.4256956e-02
   2.7000000e-01   4.8184046e-02
   2.8000000e-01   5.5513191e-02
   2.9000000e-01   6.0688905e-02
   3.0000000e-01   5.5228243e-02
   3.1000000e-01   8.4344590e-02
   3.2000000e-01   7.4103475e-02
   3.3000000e-01   7.5212982e-02
   3.4000000e-01   8.5773848e-02
   3.5000000e-01   9.8943331e-02
   3.6000000e-01   1.2908511e-01
   3.7000000e-01   1.3875142e-01
   3.8000000e-01   1.3914034e-01
   3.9000000e-01   1.3327115e-01
   4.0000000e-01   1.7468171e-01
   4.1000000e-01   1.7074088e-01
   4.2000000e-01   3.8097726e-01
   4.3000000e-01   2.7158473e-01
   4.4000000e-01   9.9650278e+00
   4.5000000e-01   7.1425492e+00
   4.6000000e-01   1.1969675e+00
   4.7000000e-01   1.7987418e-02
   4.8000000e-01   3.7319556e-05
   4.9000000e-01   2.6039903e-05
   5.0000000e-01   2.1966733e-05
   5.1000000e-01   1.5544168e-05
   5.2000000e-01   1.1908839e-05
   5.3000000e-01   1.0434690e-05
   5.4000000e-01   8.0206004e-06
   5.5000000e-01   6.7760963e-06
   5.6000000e-01   5.5875269e-06
   5.7000000e-01   4.4698514e-06
   5.8000000e-01   3.8898953e-06
   5.9000000e-01   3.3568833e-06
   6.0000000e-01   2.6017020e-06
   6.1000000e-01   2.3061890e-06
   6.2000000e-01   1.9570930e-06
   6.3000000e-01   1.5351564e-06
   6.4000000e-01   1.3570643e-06
   6.5000000e-01   1.1435501e-06
   6.6000000e-01   9.6635693e-07
   6.7000000e-01   7.7351442e-07
   6.8000000e-01   7.0278036e-07
   6.9000000e-01   5.8444648e-07
   7.0000000e-01   5.0019551e-07
   7.1000000e-01   4.0183445e-07
   7.2000000e-01   3.4748161e-07
   7.3000000e-01   2.8310521e-07
   7.4000000e-01   2.3586681e-07
   7.5000000e-01   1.8878695e-07
   7.6000000e-01   1.6336075e-07
   7.7000000e-01   1.2336114e-07
   7.8000000e-01   1.0655991e-07
   7.9000000e-01   8.8337976e-08
   8.0000000e-01   7.0144964e-08
   8.1000000e-01   5.4299086e-08
   8.2000000e-01   4.4282166e-08
   8.3000000e-01   3.5530051e-08
   8.4000000e-01   2.9797163e-08
   8.5000000e-01   2.0759634e-08
   8.6000000e-01   1.7855167e-08
   8.7000000e-01   1.3475677e-08
   8.8000000e-01   1.0409745e-08
   8.9000000e-01   6.9682767e-09
   9.0000000e-01   5.8890281e-09
   9.1000000e-01   3.3932174e-09
   9.2000000e-01   2.5326230e-09
   9.3000000e-01   1.9574775e-09
   9.4000000e-01   1.2301054e-09
   9.5000000e-01   4.9249964e-10
   9.6000000e-01   3.5876448e-10
   9.7000000e-01   8.9101868e-11
   9.8000000e-01   2.9880228e-11
   9.9000000e-01   9.9800320e-12
   1.0000000e+00   0.0000000e+00
