   0.0000000e+00   1.8807910e-31
   1.0000000e-02   3.2958502e-03
   2.0000000e-02   6.9185943e-03
   3.0000000e-02   1.0100651e-02
   4.0000000e-02   9.8972516e-03
   5.0000000e-02   1.5457302e-02
   6.0000000e-02   1.6241027e-02
   7.0000000e-02   1.8404848e-02
   8.0000000e-02   1.8707453e-02
   9.0000000e-02   2.3822332e-02
   1.0000000e-01   2.7370217e-02
   1.1000000e-01   3.0350879e-02
   1.2000000e-01   3.3669177e-02
   1.3000000e-01   3.2754338e-02
   1.4000000e-01   4.4030163e-02
   1.5000000e-01   4.5423145e-02
   1.6000000e-01   4.9805900e-02
   1.7000000e-01   4.9786652e-02
   1.8000000e-01   5.9891335e-02
   1.9000000e-01   6.6311570e-02
   2.0000000e-01   9.1506918e-02
   2.1000000e-01   8.4535246e-02
   2.2000000e-01   9.3134123e-02
   2.3000000e-01   8.2441037e-02
   2.4000000e-01   1.2448720e-01
   2.5000000e-01   1.4577776e-01
   2.6000000e-01   1.5380432e-01
   2.7000000e-01   2.6892334e-01
   2.8000000e-01   2.7541282e-01
   2.9000000e-01   1.0038747e+00
   3.0000000e-01   2.3595989e+00
   3.1000000e-01   1.9591672e-01
   3.2000000e-01   1.6315035e-03
   3.3000000e-01   5.9193031e-04
   3.4000000e-01   2.8565656e-04
   3.5000000e-01   1.9159658e-04
   3.6000000e-01   1.2015223e-04
   3.7000000e-01   8.1702237e-05
   3.8000000e-01   5.6661367e-05
   3.9000000e-01   4.0611446e-05
   4.0000000e-01   3.2210995e-05
   4.1000000e-01   2.5468121e-05
   4.2000000e-01   2.0595164e-05
   4.3000000e-01   1.5176181e-05
   4.4000000e-01   1.1845645e-05
   4.5000000e-01   9.9815305e-06
   4.6000000e-01   8.6402531e-06
   4.7000000e-01   6.5356577e-06
   4.8000000e-01   5.4572677e-06
   4.9000000e-01   4.5886356e-06
   5.0000000e-01   3.8292140e-06
   5.1000000e-01   3.4077938e-06
   5.2000000e-01   2.6923147e-06
   5.3000000e-01   2.1561896e-06
   5.4000000e-01   1.9615915e-06
   5.5000000e-01   1.5975007e-06
   5.6000000e-01   1.4182083e-06
   5.7000000e-01   1.2259722e-06
   5.8000000e-01   9.8960594e-07
   5.9000000e-01   9.0269018e-07
   6.0000000e-01   7.1666980e-07
   6.1000000e-01   6.0656702e-07
   6.2000000e-01   5.2697470e-07
   6.3000000e-01   4.4808498e-07
   6.4000000e-01   4.0586863e-07
   6.5000000e-01   3.5256473e-07
   6.6000000e-01   2.6388200e-07
   6.7000000e-01   2.4781172e-07
   6.8000000e-01   2.1349663e-07
   6.9000000e-01   1.5581107e-07
   7.0000000e-01   1.2503932e-07
   7.1000000e-01   1.1943826e-07
   7.2000000e-01   9.3264770e-08
   7.3000000e-01   7.4137677e-08
   7.4000000e-01   6.3929385e-08
   7.5000000e-01   5.7491507e-08
   7.6000000e-01   4.7118064e-08
   7.7000000e-01   3.4920548e-08
   7.8000000e-01   2.8039523e-08
   7.9000000e-01   2.0943652e-08
   8.0000000e-01   1.7698831e-08
   8.1000000e-01   1.4522334e-08
   8.2000000e-01   1.2283040e-08
   8.3000000e-01   9.3596165e-09
   8.4000000e-01   7.2017716e-09
   8.5000000e-01   5.5406521e-09
   8.6000000e-01   3.7916818e-09
   8.7000000e-01   3.0013877e-09
   8.8000000e-01   2.4127367e-09
   8.9000000e-01   1.7881859e-09
   9.0000000e-01   1.2425458e-09
   9.1000000e-01   6.7897103e-10
   9.2000000e-01   4.8353738e-10
   9.3000000e-01   3.2812565e-10
   9.4000000e-01   2.3401286e-10
   9.5000000e-01   1.3790444e-10
   9.6000000e-01   5.9580850e-11
   9.7000000e-01   3.9800391e-11
   9.8000000e-01   1.9940108e-11
   9.9000000e-01   0.0000000e+00
   1.0000000e+00   0.0000000e+00
