   0.0000000e+00   1.8807910e-31
   1.0000000e-02   2.9734923e-03
   2.0000000e-02   5.0098784e-03
   3.0000000e-02   9.0535420e-03
   4.0000000e-02   7.8297280e-03
   5.0000000e-02   1.2673127e-02
   6.0000000e-02   1.3548196e-02
   7.0000000e-02   1.6950281e-02
   8.0000000e-02   1.7331651e-02
   9.0000000e-02   1.9275732e-02
   1.0000000e-01   2.1675267e-02
   1.1000000e-01   2.6949579e-02
   1.2000000e-01   2.7709547e-02
   1.3000000e-01   2.9924850e-02
   1.4000000e-01   3.1661670e-02
   1.5000000e-01   3.2043235e-02
   1.6000000e-01   4.1080550e-02
   1.7000000e-01   4.0157361e-02
   1.8000000e-01   4.4878337e-02
   1.9000000e-01   5.7119098e-02
   2.0000000e-01   6.0598484e-02
   2.1000000e-01   5.7486662e-02
   2.2000000e-01   5.7033306e-02
   2.3000000e-01   7.3053825e-02
   2.4000000e-01   7.4663241e-02
   2.5000000e-01   7.8745625e-02
   2.6000000e-01   9.5282245e-02
   2.7000000e-01   9.8105861e-02
   2.8000000e-01   1.1105461e-01
   2.9000000e-01   1.3933832e-01
   3.0000000e-01   1.4643553e-01
   3.1000000e-01   1.8513123e-01
   3.2000000e-01   1.9471356e-01
   3.3000000e-01   2.3841576e-01
   3.4000000e-01   3.7999426e-01
   3.5000000e-01   3.7920966e+00
   3.6000000e-01   2.8493773e+00
   3.7000000e-01   1.0384809e-01
   3.8000000e-01   2.1256960e-04
   3.9000000e-01   1.5189233e-04
   4.0000000e-01   8.6400600e-05
   4.1000000e-01   6.3156688e-05
   4.2000000e-01   4.6282805e-05
   4.3000000e-01   3.3957291e-05
   4.4000000e-01   2.6133800e-05
   4.5000000e-01   2.0914380e-05
   4.6000000e-01   1.7525829e-05
   4.7000000e-01   1.2420167e-05
   4.8000000e-01   1.0982221e-05
   4.9000000e-01   8.5424319e-06
   5.0000000e-01   6.9160776e-06
   5.1000000e-01   6.0964368e-06
   5.2000000e-01   4.9793982e-06
   5.3000000e-01   4.3819823e-06
   5.4000000e-01   3.4651948e-06
   5.5000000e-01   2.8521319e-06
   5.6000000e-01   2.2191968e-06
   5.7000000e-01   2.0822670e-06
   5.8000000e-01   1.6945451e-06
   5.9000000e-01   1.4501855e-06
   6.0000000e-01   1.2632197e-06
   6.1000000e-01   1.0699340e-06
   6.2000000e-01   8.5895865e-07
   6.3000000e-01   7.0551599e-07
   6.4000000e-01   6.8626086e-07
   6.5000000e-01   5.2475768e-07
   6.6000000e-01   4.4787756e-07
   6.7000000e-01   3.5674309e-07
   6.8000000e-01   2.8772875e-07
   6.9000000e-01   2.8515843e-07
   7.0000000e-01   2.2486082e-07
   7.1000000e-01   1.9053780e-07
   7.2000000e-01   1.6051104e-07
   7.3000000e-01   1.2063417e-07
   7.4000000e-01   1.1009915e-07
   7.5000000e-01   8.5037740e-08
   7.6000000e-01   6.9508198e-08
   7.7000000e-01   5.8381964e-08
   7.8000000e-01   5.0015190e-08
   7.9000000e-01   3.6691775e-08
   8.0000000e-01   3.3243661e-08
   8.1000000e-01   2.3980759e-08
   8.2000000e-01   2.0765057e-08
   8.3000000e-01   1.6667503e-08
   8.4000000e-01   1.1875647e-08
   8.5000000e-01   9.4838616e-09
   8.6000000e-01   7.2817033e-09
   8.7000000e-01   6.0196087e-09
   8.8000000e-01   4.8039324e-09
   8.9000000e-01   2.8979581e-09
   9.0000000e-01   2.2614417e-09
   9.1000000e-01   1.6284121e-09
   9.2000000e-01   1.0902422e-09
   9.3000000e-01   6.2717319e-10
   9.4000000e-01   4.8553321e-10
   9.5000000e-01   3.0010136e-10
   9.6000000e-01   1.3790444e-10
   9.7000000e-01   8.9101868e-11
   9.8000000e-01   3.9800391e-11
   9.9000000e-01   9.9800320e-12
   1.0000000e+00   0.0000000e+00
