   0.0000000e+00   1.8807910e-31
   1.0000000e-02   3.2866098e-03
   2.0000000e-02   5.7536326e-03
   3.0000000e-02   8.5995282e-03
   4.0000000e-02   9.7682251e-03
   5.0000000e-02   1.1960388e-02
   6.0000000e-02   1.4021527e-02
   7.0000000e-02   1.6338074e-02
   8.0000000e-02   2.0328383e-02
   9.0000000e-02   1.9724279e-02
   1.0000000e-01   2.2735243e-02
   1.1000000e-01   2.4110239e-02
   1.2000000e-01   3.0017722e-02
   1.3000000e-01   2.8173345e-02
   1.4000000e-01   3.7971950e-02
   1.5000000e-01   3.6208254e-02
   1.6000000e-01   3.5679751e-02
   1.7000000e-01   4.9296034e-02
   1.8000000e-01   6.1157291e-02
   1.9000000e-01   5.3302897e-02
   2.0000000e-01   6.3306816e-02
   2.1000000e-01   7.7044245e-02
   2.2000000e-01   8.0453684e-02
   2.3000000e-01   8.0870423e-02
   2.4000000e-01   8.9901361e-02
   2.5000000e-01   1.0536173e-01
   2.6000000e-01   1.1454392e-01
   2.7000000e-01   1.3047545e-01
   2.8000000e-01   1.2787362e-01
   2.9000000e-01   1.3995314e-01
   3.0000000e-01   1.9230631e-01
   3.1000000e-01   1.6896668e-01
   3.2000000e-01   2.8712724e-01
   3.3000000e-01   2.9529647e-01
   3.4000000e-01   6.6442615e-01
   3.5000000e-01   1.0365559e+00
   3.6000000e-01   1.6310927e-01
   3.7000000e-01   3.6466341e-03
   3.8000000e-01   1.4999046e-03
   3.9000000e-01   7.0112113e-04
   4.0000000e-01   4.0680421e-04
   4.1000000e-01   2.6395744e-04
   4.2000000e-01   1.6973571e-04
   4.3000000e-01   1.2425520e-04
   4.4000000e-01   9.4177548e-05
   4.5000000e-01   6.8206115e-05
   4.6000000e-01   4.7128390e-05
   4.7000000e-01   4.0397316e-05
   4.8000000e-01   3.1978384e-05
   4.9000000e-01   2.5166585e-05
   5.0000000e-01   2.1241801e-05
   5.1000000e-01   1.6808078e-05
   5.2000000e-01   1.4245522e-05
   5.3000000e-01   1.2354485e-05
   5.4000000e-01   1.0367524e-05
   5.5000000e-01   8.3632247e-06
   5.6000000e-01   7.2351240e-06
   5.7000000e-01   6.2913589e-06
   5.8000000e-01   5.1217984e-06
   5.9000000e-01   4.6667955e-06
   6.0000000e-01   3.5554776e-06
   6.1000000e-01   3.2369626e-06
   6.2000000e-01   2.8965229e-06
   6.3000000e-01   2.3459802e-06
   6.4000000e-01   2.0400291e-06
   6.5000000e-01   1.7747462e-06
   6.6000000e-01   1.4473378e-06
   6.7000000e-01   1.3072627e-06
   6.8000000e-01   1.1549628e-06
   6.9000000e-01   9.6111341e-07
   7.0000000e-01   8.6777270e-07
   7.1000000e-01   6.7577007e-07
   7.2000000e-01   5.8011211e-07
   7.3000000e-01   5.1722499e-07
   7.4000000e-01   4.5680308e-07
   7.5000000e-01   3.8548842e-07
   7.6000000e-01   3.0090499e-07
   7.7000000e-01   2.6915960e-07
   7.8000000e-01   2.2528045e-07
   7.9000000e-01   2.1142076e-07
   8.0000000e-01   1.6191693e-07
   8.1000000e-01   1.3547669e-07
   8.2000000e-01   1.0852458e-07
   8.3000000e-01   8.6211144e-08
   8.4000000e-01   7.0275034e-08
   8.5000000e-01   5.8810052e-08
   8.6000000e-01   4.1157937e-08
   8.7000000e-01   3.4552109e-08
   8.8000000e-01   2.8401428e-08
   8.9000000e-01   2.2007062e-08
   9.0000000e-01   1.7169929e-08
   9.1000000e-01   1.0819328e-08
   9.2000000e-01   8.8751386e-09
   9.3000000e-01   6.3299192e-09
   9.4000000e-01   3.9923814e-09
   9.5000000e-01   2.4731370e-09
   9.6000000e-01   1.5313599e-09
   9.7000000e-01   7.7845447e-10
   9.8000000e-01   2.8243637e-10
   9.9000000e-01   9.8902295e-11
   1.0000000e+00   0.0000000e+00
