   0.0000000e+00   1.0000000e-03   4.3368087e-19
   1.0000000e-02   1.0233766e-03   4.9904875e-05
   2.0000000e-02   1.0483516e-03   7.1656441e-05
   3.0000000e-02   1.0738262e-03   9.4156149e-05
   4.0000000e-02   1.1089910e-03   1.1147490e-04
   5.0000000e-02   1.1937143e-03   1.1066257e-04
   6.0000000e-02   1.2220472e-03   1.4385764e-04
   7.0000000e-02   1.2366544e-03   1.4573772e-04
   8.0000000e-02   1.3448166e-03   1.5646949e-04
   9.0000000e-02   1.3579646e-03   1.7469734e-04
   1.0000000e-01   1.3987919e-03   2.1264999e-04
   1.1000000e-01   1.5032759e-03   2.0654705e-04
   1.2000000e-01   1.5308846e-03   2.2203832e-04
   1.3000000e-01   1.5614407e-03   2.4928522e-04
   1.4000000e-01   1.6586093e-03   2.7771904e-04
   1.5000000e-01   1.6989505e-03   3.0189125e-04
   1.6000000e-01   1.8122517e-03   3.2020621e-04
   1.7000000e-01   1.8641860e-03   3.4322388e-04
   1.8000000e-01   1.9803136e-03   3.7927021e-04
   1.9000000e-01   2.1365989e-03   4.2794126e-04
   2.0000000e-01   2.1876221e-03   4.7254583e-04
   2.1000000e-01   2.3129496e-03   5.0580579e-04
   2.2000000e-01   2.5149635e-03   5.6844855e-04
   2.3000000e-01   2.6114286e-03   6.2444097e-04
   2.4000000e-01   2.6981785e-03   6.7720923e-04
   2.5000000e-01   2.9795066e-03   7.5665131e-04
   2.6000000e-01   3.1689524e-03   8.6564474e-04
   2.7000000e-01   3.3164234e-03   9.1608915e-04
   2.8000000e-01   3.6619433e-03   1.0135764e-03
   2.9000000e-01   3.9051181e-03   1.1408888e-03
   3.0000000e-01   4.3504149e-03   1.4179678e-03
   3.1000000e-01   4.5920570e-03   1.4204493e-03
   3.2000000e-01   5.2366167e-03   1.9668581e-03
   3.3000000e-01   5.7199125e-03   2.0545455e-03
   3.4000000e-01   6.4220833e-03   2.2534353e-03
   3.5000000e-01   7.4594533e-03   3.3482319e-03
   3.6000000e-01   8.6646396e-03   3.8561566e-03
   3.7000000e-01   1.0957583e-02   5.1655601e-03
   3.8000000e-01   1.3658763e-02   8.9684413e-03
   3.9000000e-01   3.3561217e-02   9.9157179e-02
   4.0000000e-01   2.4303646e-01   3.2995558e-01
   4.1000000e-01   8.0505579e-01   7.5535986e-02
   4.2000000e-01   8.3890207e-01   7.7192308e-03
   4.3000000e-01   8.6082023e-01   6.9224973e-03
   4.4000000e-01   8.8016000e-01   6.0270716e-03
   4.5000000e-01   8.9620031e-01   5.0885410e-03
   4.6000000e-01   9.0935580e-01   4.6876811e-03
   4.7000000e-01   9.2111156e-01   4.3252470e-03
   4.8000000e-01   9.3149248e-01   3.7180648e-03
   4.9000000e-01   9.4021126e-01   3.4126787e-03
   5.0000000e-01   9.4780667e-01   2.8715809e-03
   5.1000000e-01   9.5443986e-01   2.8549819e-03
   5.2000000e-01   9.6028079e-01   2.5372153e-03
   5.3000000e-01   9.6546263e-01   2.2444315e-03
   5.4000000e-01   9.6962245e-01   2.0706778e-03
   5.5000000e-01   9.7375252e-01   1.9499984e-03
   5.6000000e-01   9.7711032e-01   1.7292091e-03
   5.7000000e-01   9.8002920e-01   1.5979948e-03
   5.8000000e-01   9.8263320e-01   1.5536917e-03
   5.9000000e-01   9.8495381e-01   1.4086124e-03
   6.0000000e-01   9.8695300e-01   1.3033384e-03
   6.1000000e-01   9.8872178e-01   1.1706557e-03
   6.2000000e-01   9.9026653e-01   1.0677400e-03
   6.3000000e-01   9.9163270e-01   9.7215262e-04
   6.4000000e-01   9.9277100e-01   8.8662224e-04
   6.5000000e-01   9.9380760e-01   8.1972083e-04
   6.6000000e-01   9.9472038e-01   7.4520395e-04
   6.7000000e-01   9.9549121e-01   6.8573494e-04
   6.8000000e-01   9.9611628e-01   6.3768169e-04
   6.9000000e-01   9.9673976e-01   5.8647557e-04
   7.0000000e-01   9.9725315e-01   5.1996368e-04
   7.1000000e-01   9.9764386e-01   5.0083319e-04
   7.2000000e-01   9.9800989e-01   4.7054296e-04
   7.3000000e-01   9.9835225e-01   4.2400196e-04
   7.4000000e-01   9.9862697e-01   3.8296875e-04
   7.5000000e-01   9.9886743e-01   3.4629234e-04
   7.6000000e-01   9.9905864e-01   3.0953504e-04
   7.7000000e-01   9.9921848e-01   2.8275103e-04
   7.8000000e-01   9.9936304e-01   2.5488703e-04
   7.9000000e-01   9.9948012e-01   2.3456207e-04
   8.0000000e-01   9.9958412e-01   1.9904227e-04
   8.1000000e-01   9.9967802e-01   1.8001133e-04
   8.2000000e-01   9.9973946e-01   1.5552209e-04
   8.3000000e-01   9.9978442e-01   1.4613531e-04
   8.4000000e-01   9.9983267e-01   1.2831724e-04
   8.5000000e-01   9.9987762e-01   1.1084428e-04
   8.6000000e-01   9.9990519e-01   1.0081083e-04
   8.7000000e-01   9.9993087e-01   8.2639667e-05
   8.8000000e-01   9.9994545e-01   7.2226045e-05
   8.9000000e-01   9.9996104e-01   6.3218059e-05
   9.0000000e-01   9.9996893e-01   5.4779152e-05
   9.1000000e-01   9.9997872e-01   4.6846224e-05
   9.2000000e-01   9.9998761e-01   3.6401491e-05
   9.3000000e-01   9.9999121e-01   3.0687060e-05
   9.4000000e-01   9.9999491e-01   2.2879958e-05
   9.5000000e-01   9.9999770e-01   1.5635562e-05
   9.6000000e-01   9.9999840e-01   1.2541343e-05
   9.7000000e-01   9.9999960e-01   6.3087526e-06
   9.8000000e-01   9.9999970e-01   5.4662793e-06
   9.9000000e-01   1.0000000e+00   0.0000000e+00
   1.0000000e+00   1.0000000e+00   0.0000000e+00
