   0.0000000e+00   1.0000000e-03   4.3368087e-19
   1.0000000e-02   1.0308691e-03   5.9098657e-05
   2.0000000e-02   1.0609391e-03   8.0475096e-05
   3.0000000e-02   1.0942058e-03   1.0146969e-04
   4.0000000e-02   1.1861777e-03   1.1723508e-04
   5.0000000e-02   1.2146214e-03   1.3283532e-04
   6.0000000e-02   1.2443902e-03   1.4735139e-04
   7.0000000e-02   1.3553544e-03   1.7324205e-04
   8.0000000e-02   1.3935262e-03   1.9868567e-04
   9.0000000e-02   1.4993322e-03   2.1057094e-04
   1.0000000e-01   1.5265152e-03   2.3017116e-04
   1.1000000e-01   1.6681583e-03   2.5902282e-04
   1.2000000e-01   1.6916533e-03   2.9308947e-04
   1.3000000e-01   1.7968254e-03   3.0159566e-04
   1.4000000e-01   1.8949606e-03   3.6925947e-04
   1.5000000e-01   1.9993139e-03   3.8043878e-04
   1.6000000e-01   2.1338182e-03   4.0305872e-04
   1.7000000e-01   2.3173524e-03   5.1451504e-04
   1.8000000e-01   2.4963478e-03   6.1734682e-04
   1.9000000e-01   2.5054701e-03   5.7844840e-04
   2.0000000e-01   2.8132727e-03   7.0784321e-04
   2.1000000e-01   3.0403883e-03   8.4391589e-04
   2.2000000e-01   3.2908922e-03   9.3344046e-04
   2.3000000e-01   3.5663405e-03   1.0141861e-03
   2.4000000e-01   3.8628049e-03   1.1582063e-03
   2.5000000e-01   4.3547917e-03   1.4135424e-03
   2.6000000e-01   4.8167002e-03   1.6301803e-03
   2.7000000e-01   5.4559454e-03   1.9707631e-03
   2.8000000e-01   6.0659436e-03   2.1691464e-03
   2.9000000e-01   7.5691275e-03   2.8316342e-03
   3.0000000e-01   8.4160356e-03   3.6906626e-03
   3.1000000e-01   1.0773113e-02   4.4283482e-03
   3.2000000e-01   1.3554020e-02   7.2628207e-03
   3.3000000e-01   1.8452394e-02   1.0027250e-02
   3.4000000e-01   2.8626126e-02   2.3333825e-02
   3.5000000e-01   7.2936015e-02   7.4257172e-02
   3.6000000e-01   3.6144663e-01   1.4597669e-01
   3.7000000e-01   5.4571525e-01   3.2954307e-02
   3.8000000e-01   6.1186947e-01   2.3696849e-02
   3.9000000e-01   6.6786161e-01   1.7684102e-02
   4.0000000e-01   7.1154381e-01   1.4351403e-02
   4.1000000e-01   7.4734751e-01   1.2141981e-02
   4.2000000e-01   7.7851384e-01   1.0142685e-02
   4.3000000e-01   8.0431490e-01   8.9656832e-03
   4.4000000e-01   8.2712569e-01   8.0268510e-03
   4.5000000e-01   8.4677455e-01   6.9932564e-03
   4.6000000e-01   8.6380697e-01   5.9300452e-03
   4.7000000e-01   8.7952219e-01   5.5901448e-03
   4.8000000e-01   8.9223223e-01   5.0455227e-03
   4.9000000e-01   9.0412957e-01   4.5356843e-03
   5.0000000e-01   9.1458342e-01   4.2152078e-03
   5.1000000e-01   9.2403207e-01   3.7883148e-03
   5.2000000e-01   9.3231628e-01   3.5188638e-03
   5.3000000e-01   9.3965320e-01   3.3027821e-03
   5.4000000e-01   9.4614730e-01   3.0464656e-03
   5.5000000e-01   9.5205564e-01   2.7532726e-03
   5.6000000e-01   9.5750190e-01   2.5755064e-03
   5.7000000e-01   9.6190470e-01   2.4127053e-03
   5.8000000e-01   9.6634326e-01   2.1869692e-03
   5.9000000e-01   9.7015215e-01   2.0957971e-03
   6.0000000e-01   9.7353157e-01   1.8356886e-03
   6.1000000e-01   9.7653147e-01   1.7569325e-03
   6.2000000e-01   9.7925544e-01   1.6666119e-03
   6.3000000e-01   9.8170330e-01   1.5036350e-03
   6.4000000e-01   9.8386154e-01   1.4052454e-03
   6.5000000e-01   9.8577383e-01   1.3132439e-03
   6.6000000e-01   9.8741518e-01   1.1879133e-03
   6.7000000e-01   9.8897892e-01   1.1307549e-03
   6.8000000e-01   9.9037802e-01   1.0643513e-03
   6.9000000e-01   9.9161668e-01   9.7214522e-04
   7.0000000e-01   9.9276064e-01   9.2479940e-04
   7.1000000e-01   9.9366484e-01   8.1684452e-04
   7.2000000e-01   9.9451419e-01   7.5747264e-04
   7.3000000e-01   9.9528422e-01   7.1579204e-04
   7.4000000e-01   9.9588432e-01   6.7309041e-04
   7.5000000e-01   9.9649391e-01   6.1870028e-04
   7.6000000e-01   9.9703916e-01   5.4692392e-04
   7.7000000e-01   9.9744725e-01   5.1748155e-04
   7.8000000e-01   9.9781339e-01   4.7359933e-04
   7.9000000e-01   9.9818222e-01   4.5896931e-04
   8.0000000e-01   9.9848731e-01   4.0178034e-04
   8.1000000e-01   9.9873347e-01   3.6760541e-04
   8.2000000e-01   9.9892587e-01   3.2907684e-04
   8.3000000e-01   9.9915335e-01   2.9336875e-04
   8.4000000e-01   9.9931189e-01   2.6491197e-04
   8.5000000e-01   9.9943736e-01   2.4237140e-04
   8.6000000e-01   9.9955065e-01   2.0278303e-04
   8.7000000e-01   9.9964975e-01   1.8581687e-04
   8.8000000e-01   9.9972378e-01   1.6848068e-04
   8.9000000e-01   9.9979051e-01   1.4831670e-04
   9.0000000e-01   9.9983996e-01   1.3101311e-04
   9.1000000e-01   9.9988941e-01   1.0400450e-04
   9.2000000e-01   9.9991129e-01   9.4199597e-05
   9.3000000e-01   9.9993966e-01   7.9555989e-05
   9.4000000e-01   9.9996124e-01   6.3182845e-05
   9.5000000e-01   9.9997463e-01   4.9729383e-05
   9.6000000e-01   9.9998561e-01   3.9132031e-05
   9.7000000e-01   9.9999221e-01   2.7900580e-05
   9.8000000e-01   9.9999730e-01   1.6805798e-05
   9.9000000e-01   9.9999900e-01   9.9449533e-06
   1.0000000e+00   1.0000000e+00   0.0000000e+00
