   0.0000000e+00   1.0000000e-03   4.3368087e-19
   1.0000000e-02   1.0276723e-03   5.6038703e-05
   2.0000000e-02   1.0493506e-03   7.4273558e-05
   3.0000000e-02   1.0885115e-03   1.0357198e-04
   4.0000000e-02   1.1832822e-03   1.0470361e-04
   5.0000000e-02   1.2110204e-03   1.3633060e-04
   6.0000000e-02   1.2298544e-03   1.4315101e-04
   7.0000000e-02   1.2714637e-03   1.6553599e-04
   8.0000000e-02   1.3790199e-03   1.8154760e-04
   9.0000000e-02   1.3947861e-03   1.9364801e-04
   1.0000000e-01   1.5039604e-03   2.2142091e-04
   1.1000000e-01   1.5400607e-03   2.5282140e-04
   1.2000000e-01   1.6780702e-03   2.7933466e-04
   1.3000000e-01   1.6826016e-03   2.9106990e-04
   1.4000000e-01   1.8140652e-03   3.2278979e-04
   1.5000000e-01   1.8421975e-03   3.2976484e-04
   1.6000000e-01   1.9756388e-03   4.0042915e-04
   1.7000000e-01   2.0390323e-03   4.0860782e-04
   1.8000000e-01   2.1733114e-03   4.6040532e-04
   1.9000000e-01   2.3430088e-03   5.5996979e-04
   2.0000000e-01   2.4832130e-03   6.1128657e-04
   2.1000000e-01   2.6370093e-03   6.3225929e-04
   2.2000000e-01   2.7781481e-03   6.6346753e-04
   2.3000000e-01   3.1520548e-03   8.5195222e-04
   2.4000000e-01   3.3789474e-03   9.2328301e-04
   2.5000000e-01   3.6589744e-03   1.0267686e-03
   2.6000000e-01   3.9169421e-03   1.2090747e-03
   2.7000000e-01   4.3875264e-03   1.3742547e-03
   2.8000000e-01   4.9325726e-03   1.6437727e-03
   2.9000000e-01   5.6702174e-03   2.1165815e-03
   3.0000000e-01   6.1395745e-03   2.3494245e-03
   3.1000000e-01   6.9452489e-03   2.9883238e-03
   3.2000000e-01   8.1844444e-03   3.6114974e-03
   3.3000000e-01   1.0020413e-02   4.8927508e-03
   3.4000000e-01   1.2765037e-02   7.8688377e-03
   3.5000000e-01   2.2803125e-02   4.4405224e-02
   3.6000000e-01   1.3016978e-01   2.1972788e-01
   3.7000000e-01   6.5303846e-01   2.1044471e-01
   3.8000000e-01   7.7545673e-01   1.1305978e-02
   3.9000000e-01   8.0824568e-01   9.9611920e-03
   4.0000000e-01   8.3595855e-01   7.7703954e-03
   4.1000000e-01   8.5777958e-01   6.8168757e-03
   4.2000000e-01   8.7765391e-01   5.9708083e-03
   4.3000000e-01   8.9365871e-01   5.2076071e-03
   4.4000000e-01   9.0743707e-01   4.6389297e-03
   4.5000000e-01   9.1961188e-01   4.2055914e-03
   4.6000000e-01   9.2960454e-01   3.8916836e-03
   4.7000000e-01   9.3876547e-01   3.3084214e-03
   4.8000000e-01   9.4665162e-01   3.1371499e-03
   4.9000000e-01   9.5336925e-01   2.7864542e-03
   5.0000000e-01   9.5932420e-01   2.5228726e-03
   5.1000000e-01   9.6441436e-01   2.3812320e-03
   5.2000000e-01   9.6902863e-01   2.1623452e-03
   5.3000000e-01   9.7284300e-01   2.0364702e-03
   5.4000000e-01   9.7635455e-01   1.8174873e-03
   5.5000000e-01   9.7947430e-01   1.6541613e-03
   5.6000000e-01   9.8215475e-01   1.4631129e-03
   5.7000000e-01   9.8449171e-01   1.4206277e-03
   5.8000000e-01   9.8649990e-01   1.2841732e-03
   5.9000000e-01   9.8834266e-01   1.1901983e-03
   6.0000000e-01   9.8992328e-01   1.1126049e-03
   6.1000000e-01   9.9124945e-01   1.0253248e-03
   6.2000000e-01   9.9251968e-01   9.1986746e-04
   6.3000000e-01   9.9353656e-01   8.3452103e-04
   6.4000000e-01   9.9442288e-01   8.2378850e-04
   6.5000000e-01   9.9522807e-01   7.2094481e-04
   6.6000000e-01   9.9596374e-01   6.6653534e-04
   6.7000000e-01   9.9652098e-01   5.9520179e-04
   6.8000000e-01   9.9707343e-01   5.3483371e-04
   6.9000000e-01   9.9750440e-01   5.3266962e-04
   7.0000000e-01   9.9787083e-01   4.7318528e-04
   7.1000000e-01   9.9819560e-01   4.3571873e-04
   7.2000000e-01   9.9851249e-01   4.0004234e-04
   7.3000000e-01   9.9873766e-01   3.4688586e-04
   7.4000000e-01   9.9895485e-01   3.3146513e-04
   7.5000000e-01   9.9914326e-01   2.9136247e-04
   7.6000000e-01   9.9929101e-01   2.6345715e-04
   7.7000000e-01   9.9940539e-01   2.4147993e-04
   7.8000000e-01   9.9952667e-01   2.2353491e-04
   7.9000000e-01   9.9961049e-01   1.9147636e-04
   8.0000000e-01   9.9968801e-01   1.8227156e-04
   8.1000000e-01   9.9974685e-01   1.5481802e-04
   8.2000000e-01   9.9979840e-01   1.4407181e-04
   8.3000000e-01   9.9984086e-01   1.2908214e-04
   8.4000000e-01   9.9987602e-01   1.0896193e-04
   8.5000000e-01   9.9990430e-01   9.7375800e-05
   8.6000000e-01   9.9992777e-01   8.5326733e-05
   8.7000000e-01   9.9993916e-01   7.7581417e-05
   8.8000000e-01   9.9995584e-01   6.9307346e-05
   8.9000000e-01   9.9996953e-01   5.3831046e-05
   9.0000000e-01   9.9997642e-01   4.7553497e-05
   9.1000000e-01   9.9998452e-01   4.0352963e-05
   9.2000000e-01   9.9998911e-01   3.3018457e-05
   9.3000000e-01   9.9999351e-01   2.5043263e-05
   9.4000000e-01   9.9999510e-01   2.2034710e-05
   9.5000000e-01   9.9999690e-01   1.7323380e-05
   9.6000000e-01   9.9999860e-01   1.1743256e-05
   9.7000000e-01   9.9999910e-01   9.4393701e-06
   9.8000000e-01   9.9999960e-01   6.3087526e-06
   9.9000000e-01   9.9999990e-01   3.1591185e-06
   1.0000000e+00   1.0000000e+00   0.0000000e+00
