   0.0000000e+00   1.0000000e-03   4.3368087e-19
   1.0000000e-02   1.0196803e-03   4.5169209e-05
   2.0000000e-02   1.0406593e-03   6.6863250e-05
   3.0000000e-02   1.0635365e-03   8.2294038e-05
   4.0000000e-02   1.0897103e-03   1.0056790e-04
   5.0000000e-02   1.1090909e-03   1.1275885e-04
   6.0000000e-02   1.1975504e-03   1.1264335e-04
   7.0000000e-02   1.2217731e-03   1.3426311e-04
   8.0000000e-02   1.2463804e-03   1.5962695e-04
   9.0000000e-02   1.3370248e-03   1.5866512e-04
   1.0000000e-01   1.3567322e-03   1.7395698e-04
   1.1000000e-01   1.3760623e-03   1.8977194e-04
   1.2000000e-01   1.3945946e-03   1.9727323e-04
   1.3000000e-01   1.5097682e-03   2.1147686e-04
   1.4000000e-01   1.5359281e-03   2.4882275e-04
   1.5000000e-01   1.5642442e-03   2.5699631e-04
   1.6000000e-01   1.6516020e-03   2.5033191e-04
   1.7000000e-01   1.6862682e-03   2.8441840e-04
   1.8000000e-01   1.7942004e-03   2.9306831e-04
   1.9000000e-01   1.8328431e-03   3.5162985e-04
   2.0000000e-01   1.9814745e-03   3.8042472e-04
   2.1000000e-01   2.0058219e-03   3.9200094e-04
   2.2000000e-01   2.1035907e-03   4.0400335e-04
   2.3000000e-01   2.1683566e-03   4.8451052e-04
   2.4000000e-01   2.2898367e-03   4.7756013e-04
   2.5000000e-01   2.3358885e-03   5.0675008e-04
   2.6000000e-01   2.4329225e-03   5.1182212e-04
   2.7000000e-01   2.6255319e-03   5.7632696e-04
   2.8000000e-01   2.7714019e-03   6.5297658e-04
   2.9000000e-01   3.0169847e-03   7.4323775e-04
   3.0000000e-01   2.9749097e-03   6.9912432e-04
   3.1000000e-01   3.3204000e-03   9.6431522e-04
   3.2000000e-01   3.5465483e-03   9.6543974e-04
   3.3000000e-01   3.6832075e-03   1.0101191e-03
   3.4000000e-01   4.0540206e-03   1.1873080e-03
   3.5000000e-01   4.3748963e-03   1.3761349e-03
   3.6000000e-01   4.8533191e-03   1.7437207e-03
   3.7000000e-01   5.1695122e-03   1.9256098e-03
   3.8000000e-01   5.6856549e-03   2.1208357e-03
   3.9000000e-01   5.8968553e-03   2.1527250e-03
   4.0000000e-01   7.0288330e-03   2.9376966e-03
   4.1000000e-01   8.1297483e-03   3.3592774e-03
   4.2000000e-01   1.0004600e-02   6.1751751e-03
   4.3000000e-01   1.0682482e-02   5.5670463e-03
   4.4000000e-01   2.1148621e-02   6.6760765e-02
   4.5000000e-01   7.0638889e-02   1.8878630e-01
   4.6000000e-01   3.6652029e-01   4.0099523e-01
   4.7000000e-01   8.6527742e-01   1.1604857e-01
   4.8000000e-01   8.9906554e-01   5.4923675e-03
   4.9000000e-01   9.1172590e-01   4.6524742e-03
   5.0000000e-01   9.2311299e-01   4.3265089e-03
   5.1000000e-01   9.3296423e-01   3.6783134e-03
   5.2000000e-01   9.4151901e-01   3.2491055e-03
   5.3000000e-01   9.4897680e-01   3.0654580e-03
   5.4000000e-01   9.5556642e-01   2.7062276e-03
   5.5000000e-01   9.6104310e-01   2.5016851e-03
   5.6000000e-01   9.6602418e-01   2.2834832e-03
   5.7000000e-01   9.7047302e-01   2.0517763e-03
   5.8000000e-01   9.7421862e-01   1.9214336e-03
   5.9000000e-01   9.7756062e-01   1.7910670e-03
   6.0000000e-01   9.8063535e-01   1.5817445e-03
   6.1000000e-01   9.8310143e-01   1.4929518e-03
   6.2000000e-01   9.8540041e-01   1.3785371e-03
   6.3000000e-01   9.8735468e-01   1.2233465e-03
   6.4000000e-01   9.8910658e-01   1.1522409e-03
   6.5000000e-01   9.9055527e-01   1.0592691e-03
   6.6000000e-01   9.9183687e-01   9.7500992e-04
   6.7000000e-01   9.9301518e-01   8.7335356e-04
   6.8000000e-01   9.9407720e-01   8.3335476e-04
   6.9000000e-01   9.9495365e-01   7.6063311e-04
   7.0000000e-01   9.9565586e-01   7.0417264e-04
   7.1000000e-01   9.9633720e-01   6.3158227e-04
   7.2000000e-01   9.9689301e-01   5.8764421e-04
   7.3000000e-01   9.9738861e-01   5.3068686e-04
   7.4000000e-01   9.9781280e-01   4.8459897e-04
   7.5000000e-01   9.9815485e-01   4.3369449e-04
   7.6000000e-01   9.9846893e-01   4.0356027e-04
   7.7000000e-01   9.9873956e-01   3.5078534e-04
   7.8000000e-01   9.9896084e-01   3.2609593e-04
   7.9000000e-01   9.9913626e-01   2.9696034e-04
   8.0000000e-01   9.9929630e-01   2.6466257e-04
   8.1000000e-01   9.9944296e-01   2.3289184e-04
   8.2000000e-01   9.9955395e-01   2.1033942e-04
   8.3000000e-01   9.9963806e-01   1.8842594e-04
   8.4000000e-01   9.9971548e-01   1.7256943e-04
   8.5000000e-01   9.9978332e-01   1.4405082e-04
   8.6000000e-01   9.9983467e-01   1.3360114e-04
   8.7000000e-01   9.9986663e-01   1.1606930e-04
   8.8000000e-01   9.9989860e-01   1.0201781e-04
   8.9000000e-01   9.9992837e-01   8.3470225e-05
   9.0000000e-01   9.9994306e-01   7.6735633e-05
   9.1000000e-01   9.9996364e-01   5.8249212e-05
   9.2000000e-01   9.9997423e-01   5.0323876e-05
   9.3000000e-01   9.9998102e-01   4.4242550e-05
   9.4000000e-01   9.9998911e-01   3.5072477e-05
   9.5000000e-01   9.9999481e-01   2.2192218e-05
   9.6000000e-01   9.9999670e-01   1.8941017e-05
   9.7000000e-01   9.9999910e-01   9.4393701e-06
   9.8000000e-01   9.9999970e-01   5.4662793e-06
   9.9000000e-01   9.9999990e-01   3.1591185e-06
   1.0000000e+00   1.0000000e+00   0.0000000e+00
