   0.0000000e+00   1.0000000e-03   4.3368087e-19
   1.0000000e-02   1.0348651e-03   5.9411086e-05
   2.0000000e-02   1.0691309e-03   8.8928261e-05
   3.0000000e-02   1.1072927e-03   1.1128512e-04
   4.0000000e-02   1.2024828e-03   1.1962891e-04
   5.0000000e-02   1.2419271e-03   1.5440556e-04
   6.0000000e-02   1.3585484e-03   1.7313380e-04
   7.0000000e-02   1.3717913e-03   1.8610333e-04
   8.0000000e-02   1.4981878e-03   2.0491492e-04
   9.0000000e-02   1.5465569e-03   2.3870309e-04
   1.0000000e-01   1.6630397e-03   2.7513241e-04
   1.1000000e-01   1.7075893e-03   2.9748773e-04
   1.2000000e-01   1.8461157e-03   3.3874677e-04
   1.3000000e-01   1.9652542e-03   3.5567485e-04
   1.4000000e-01   2.1439703e-03   4.4987713e-04
   1.5000000e-01   2.2878947e-03   4.8761229e-04
   1.6000000e-01   2.4523191e-03   5.4728983e-04
   1.7000000e-01   2.6328302e-03   5.8746137e-04
   1.8000000e-01   2.8498175e-03   6.9742747e-04
   1.9000000e-01   3.1223282e-03   8.0403178e-04
   2.0000000e-01   3.4821012e-03   1.0533394e-03
   2.1000000e-01   3.9041408e-03   1.1351268e-03
   2.2000000e-01   4.3394531e-03   1.3243093e-03
   2.3000000e-01   4.6560729e-03   1.3368771e-03
   2.4000000e-01   5.7297071e-03   2.0215979e-03
   2.5000000e-01   6.3117137e-03   2.4098662e-03
   2.6000000e-01   7.6793926e-03   3.0116960e-03
   2.7000000e-01   1.0089320e-02   5.2321015e-03
   2.8000000e-01   1.2124880e-02   6.3631116e-03
   2.9000000e-01   2.2074702e-02   2.2117427e-02
   3.0000000e-01   5.1333077e-02   7.8852668e-02
   3.1000000e-01   4.3308370e-01   1.9169359e-01
   3.2000000e-01   6.2416063e-01   2.5211018e-02
   3.3000000e-01   6.9125530e-01   1.6817977e-02
   3.4000000e-01   7.4016601e-01   1.2509825e-02
   3.5000000e-01   7.7898380e-01   1.0782570e-02
   3.6000000e-01   8.1132895e-01   8.8932989e-03
   3.7000000e-01   8.3736999e-01   7.5689279e-03
   3.8000000e-01   8.5932377e-01   6.4684519e-03
   3.9000000e-01   8.7788525e-01   5.5945090e-03
   4.0000000e-01   8.9387646e-01   5.0731718e-03
   4.1000000e-01   9.0780661e-01   4.5813322e-03
   4.2000000e-01   9.1947001e-01   4.1727291e-03
   4.3000000e-01   9.2972957e-01   3.6219120e-03
   4.4000000e-01   9.3867780e-01   3.2306945e-03
   4.5000000e-01   9.4633736e-01   2.9898167e-03
   4.6000000e-01   9.5313530e-01   2.8016752e-03
   4.7000000e-01   9.5913676e-01   2.4520266e-03
   4.8000000e-01   9.6443500e-01   2.2529969e-03
   4.9000000e-01   9.6888102e-01   2.0754498e-03
   5.0000000e-01   9.7291630e-01   1.9038394e-03
   5.1000000e-01   9.7634086e-01   1.8023458e-03
   5.2000000e-01   9.7935345e-01   1.6069500e-03
   5.3000000e-01   9.8204466e-01   1.4420314e-03
   5.4000000e-01   9.8436454e-01   1.3786697e-03
   5.5000000e-01   9.8635335e-01   1.2466744e-03
   5.6000000e-01   9.8823367e-01   1.1768732e-03
   5.7000000e-01   9.8972997e-01   1.0958649e-03
   5.8000000e-01   9.9119421e-01   9.8602948e-04
   5.9000000e-01   9.9237013e-01   9.4285095e-04
   6.0000000e-01   9.9342278e-01   8.4099549e-04
   6.1000000e-01   9.9432817e-01   7.7440677e-04
   6.2000000e-01   9.9513586e-01   7.2239921e-04
   6.3000000e-01   9.9580709e-01   6.6658481e-04
   6.4000000e-01   9.9646174e-01   6.3482405e-04
   6.5000000e-01   9.9697143e-01   5.9197333e-04
   6.6000000e-01   9.9741778e-01   5.1236799e-04
   6.7000000e-01   9.9778631e-01   4.9670492e-04
   6.8000000e-01   9.9814505e-01   4.6119987e-04
   6.9000000e-01   9.9843377e-01   3.9411087e-04
   7.0000000e-01   9.9868801e-01   3.5314506e-04
   7.1000000e-01   9.9889760e-01   3.4521743e-04
   7.2000000e-01   9.9907443e-01   3.0511015e-04
   7.3000000e-01   9.9924206e-01   2.7207597e-04
   7.4000000e-01   9.9937343e-01   2.5268419e-04
   7.5000000e-01   9.9946773e-01   2.3964624e-04
   7.6000000e-01   9.9956943e-01   2.1697350e-04
   7.7000000e-01   9.9964436e-01   1.8680394e-04
   7.8000000e-01   9.9972927e-01   1.6740473e-04
   7.9000000e-01   9.9978172e-01   1.4468763e-04
   8.0000000e-01   9.9982048e-01   1.3301307e-04
   8.1000000e-01   9.9985315e-01   1.2049095e-04
   8.2000000e-01   9.9987982e-01   1.1081556e-04
   8.3000000e-01   9.9990909e-01   9.6736316e-05
   8.4000000e-01   9.9992777e-01   8.4857123e-05
   8.5000000e-01   9.9994246e-01   7.4431273e-05
   8.6000000e-01   9.9995934e-01   6.1574130e-05
   8.7000000e-01   9.9996783e-01   5.4783160e-05
   8.8000000e-01   9.9997423e-01   4.9118351e-05
   8.9000000e-01   9.9998212e-01   4.2286191e-05
   9.0000000e-01   9.9998711e-01   3.5249308e-05
   9.1000000e-01   9.9999291e-01   2.6056888e-05
   9.2000000e-01   9.9999491e-01   2.1989371e-05
   9.3000000e-01   9.9999660e-01   1.8114177e-05
   9.4000000e-01   9.9999760e-01   1.5297442e-05
   9.5000000e-01   9.9999860e-01   1.1743256e-05
   9.6000000e-01   9.9999940e-01   7.7188587e-06
   9.7000000e-01   9.9999960e-01   6.3087526e-06
   9.8000000e-01   9.9999980e-01   4.4654339e-06
   9.9000000e-01   1.0000000e+00   0.0000000e+00
   1.0000000e+00   1.0000000e+00   0.0000000e+00
