1 11 0.000100
1 12 0.000100
2 3 0.000100
2 5 0.000300
2 6 0.000100
2 8 0.000500
2 9 0.000100
2 10 0.000200
2 11 0.000300
2 12 0.000300
2 14 0.000100
2 15 0.000100
3 4 0.000300
3 5 0.000200
3 6 0.000500
3 7 0.000800
3 8 0.001000
3 9 0.000800
3 10 0.001300
3 11 0.000700
3 12 0.000600
3 13 0.000600
3 14 0.000300
3 15 0.000200
3 16 0.000300
3 17 0.000100
3 18 0.000300
3 19 0.000100
4 4 0.000600
4 5 0.000900
4 6 0.000900
4 7 0.002500
4 8 0.001300
4 9 0.002500
4 10 0.002300
4 11 0.001500
4 12 0.001200
4 13 0.001900
4 14 0.001000
4 15 0.000800
4 16 0.000200
4 17 0.000400
4 18 0.000100
4 19 0.000100
5 2 0.000100
5 4 0.000700
5 5 0.001800
5 6 0.002200
5 7 0.004300
5 8 0.004600
5 9 0.005200
5 10 0.004500
5 11 0.004900
5 12 0.002800
5 13 0.002700
5 14 0.002700
5 15 0.002000
5 16 0.000700
5 17 0.000400
5 18 0.000200
5 19 0.000200
5 20 0.000100
5 23 0.000100
6 3 0.000700
6 4 0.000900
6 5 0.002200
6 6 0.004800
6 7 0.005700
6 8 0.007700
6 9 0.008200
6 10 0.007700
6 11 0.008200
6 12 0.005400
6 13 0.004900
6 14 0.004000
6 15 0.001900
6 16 0.001500
6 17 0.001000
6 18 0.000400
6 19 0.000100
6 20 0.000100
6 21 0.000100
7 2 0.000200
7 3 0.000600
7 4 0.001400
7 5 0.003800
7 6 0.005900
7 7 0.008200
7 8 0.009800
7 9 0.010600
7 10 0.009900
7 11 0.011200
7 12 0.010300
7 13 0.006400
7 14 0.003900
7 15 0.002600
7 16 0.001800
7 17 0.001400
7 18 0.001200
7 19 0.000200
7 20 0.000600
8 3 0.000400
8 4 0.002500
8 5 0.003400
8 6 0.007600
8 7 0.009700
8 8 0.012800
8 9 0.014600
8 10 0.014300
8 11 0.011900
8 12 0.011500
8 13 0.009000
8 14 0.005500
8 15 0.003900
8 16 0.002200
8 17 0.001100
8 18 0.000700
8 19 0.000300
8 20 0.000100
8 21 0.000200
8 22 0.000100
8 24 0.000100
9 1 0.000100
9 2 0.000300
9 3 0.000700
9 4 0.001200
9 5 0.004600
9 6 0.008100
9 7 0.012400
9 8 0.014800
9 9 0.014600
9 10 0.014000
9 11 0.011800
9 12 0.011300
9 13 0.007800
9 14 0.006900
9 15 0.004000
9 16 0.002400
9 17 0.001800
9 18 0.001000
9 19 0.000400
9 20 0.000600
9 21 0.000100
9 23 0.000100
10 2 0.000200
10 3 0.001000
10 4 0.001900
10 5 0.004400
10 6 0.007800
10 7 0.010900
10 8 0.014500
10 9 0.014600
10 10 0.017200
10 11 0.014600
10 12 0.012200
10 13 0.011100
10 14 0.007200
10 15 0.004200
10 16 0.002400
10 17 0.002300
10 18 0.000700
10 19 0.000400
10 20 0.000300
10 21 0.000100
10 24 0.000100
11 1 0.000100
11 3 0.000500
11 4 0.003000
11 5 0.005300
11 6 0.007500
11 7 0.010200
11 8 0.012200
11 9 0.013100
11 10 0.013200
11 11 0.013900
11 12 0.010000
11 13 0.008100
11 14 0.005100
11 15 0.003100
11 16 0.002400
11 17 0.002400
11 18 0.000600
11 19 0.000100
11 20 0.000100
11 25 0.000100
12 1 0.000100
12 2 0.000100
12 3 0.000700
12 4 0.002600
12 5 0.003500
12 6 0.006700
12 7 0.007500
12 8 0.010300
12 9 0.010300
12 10 0.011400
12 11 0.013000
12 12 0.008200
12 13 0.006600
12 14 0.005300
12 15 0.003400
12 16 0.002600
12 17 0.001400
12 18 0.001100
12 19 0.000200
12 20 0.000100
13 2 0.000200
13 3 0.000400
13 4 0.001100
13 5 0.002600
13 6 0.004800
13 7 0.004700
13 8 0.008600
13 9 0.009300
13 10 0.009900
13 11 0.006800
13 12 0.006700
13 13 0.005400
13 14 0.004000
13 15 0.002800
13 16 0.001200
13 17 0.001000
13 18 0.000400
13 19 0.000200
13 20 0.000100
13 23 0.000100
14 1 0.000100
14 2 0.000200
14 3 0.000400
14 4 0.000500
14 5 0.002700
14 6 0.003500
14 7 0.005000
14 8 0.006300
14 9 0.005200
14 10 0.007000
14 11 0.005700
14 12 0.004500
14 13 0.002700
14 14 0.003100
14 15 0.001800
14 16 0.001200
14 17 0.000700
14 18 0.000100
14 19 0.000300
14 20 0.000100
14 21 0.000100
15 2 0.000100
15 3 0.000500
15 4 0.001300
15 5 0.001100
15 6 0.002500
15 7 0.003200
15 8 0.005200
15 9 0.003700
15 10 0.004500
15 11 0.004200
15 12 0.003700
15 13 0.002300
15 14 0.002400
15 15 0.001100
15 16 0.000600
15 17 0.000600
15 18 0.000100
15 19 0.000100
15 20 0.000100
16 4 0.000100
16 5 0.000900
16 6 0.001300
16 7 0.002500
16 8 0.002800
16 9 0.002500
16 10 0.002000
16 11 0.003200
16 12 0.002100
16 13 0.001000
16 14 0.001600
16 15 0.001200
16 16 0.000600
16 17 0.000300
16 18 0.000200
16 24 0.000100
17 3 0.000100
17 5 0.000200
17 6 0.000800
17 7 0.001200
17 8 0.001800
17 9 0.001800
17 10 0.001200
17 11 0.001700
17 12 0.001000
17 13 0.000500
17 14 0.000600
17 15 0.000700
17 16 0.000500
17 17 0.000100
18 5 0.000200
18 6 0.000800
18 7 0.001200
18 8 0.001300
18 9 0.001600
18 10 0.001200
18 11 0.000600
18 12 0.000400
18 13 0.000600
18 14 0.000300
18 15 0.000200
18 16 0.000100
18 18 0.000100
19 2 0.000100
19 5 0.000200
19 6 0.000600
19 7 0.000400
19 8 0.000400
19 9 0.000400
19 10 0.000100
19 11 0.000800
19 12 0.000400
19 13 0.000400
19 14 0.000700
19 15 0.000300
19 16 0.000100
19 17 0.000100
20 4 0.000100
20 7 0.000300
20 8 0.000100
20 9 0.000500
20 10 0.000400
20 11 0.000500
20 13 0.000100
20 14 0.000200
20 17 0.000100
21 6 0.000100
21 7 0.000200
21 9 0.000100
21 10 0.000100
22 3 0.000100
22 5 0.000100
22 8 0.000100
22 9 0.000100
22 10 0.000100
22 11 0.000200
22 12 0.000100
