   0.0000000e+00   1.0000000e-03   4.3368087e-19
   1.0000000e-02   1.0337662e-03   5.9792359e-05
   2.0000000e-02   1.0674326e-03   8.4090609e-05
   3.0000000e-02   1.1026973e-03   1.1131185e-04
   4.0000000e-02   1.1922426e-03   1.1420501e-04
   5.0000000e-02   1.2294118e-03   1.4206879e-04
   6.0000000e-02   1.3326765e-03   1.4486128e-04
   7.0000000e-02   1.3688126e-03   1.7578809e-04
   8.0000000e-02   1.4142668e-03   2.1000698e-04
   9.0000000e-02   1.5231496e-03   2.2458957e-04
   1.0000000e-01   1.5729462e-03   2.6002090e-04
   1.1000000e-01   1.6704893e-03   2.7963619e-04
   1.2000000e-01   1.8192857e-03   3.0610372e-04
   1.3000000e-01   1.8535714e-03   3.5241356e-04
   1.4000000e-01   2.0033445e-03   3.9093685e-04
   1.5000000e-01   2.1619546e-03   4.5558510e-04
   1.6000000e-01   2.3452504e-03   5.0393004e-04
   1.7000000e-01   2.4680970e-03   5.4366168e-04
   1.8000000e-01   2.6581353e-03   6.7375900e-04
   1.9000000e-01   2.8563910e-03   7.3585441e-04
   2.0000000e-01   3.1704673e-03   8.3979680e-04
   2.1000000e-01   3.4848126e-03   9.4007119e-04
   2.2000000e-01   3.6656075e-03   1.0742241e-03
   2.3000000e-01   4.2705534e-03   1.3087508e-03
   2.4000000e-01   4.7518293e-03   1.5584991e-03
   2.5000000e-01   5.5842217e-03   2.0972025e-03
   2.6000000e-01   6.3338235e-03   2.5201563e-03
   2.7000000e-01   7.8472727e-03   3.3352991e-03
   2.8000000e-01   8.5870488e-03   3.5215355e-03
   2.9000000e-01   1.0806444e-02   5.0492828e-03
   3.0000000e-01   1.5525823e-02   8.8754043e-03
   3.1000000e-01   2.4546218e-02   1.8475907e-02
   3.2000000e-01   6.0775185e-02   6.9232352e-02
   3.3000000e-01   2.8906811e-01   1.7408031e-01
   3.4000000e-01   5.4354209e-01   4.0512554e-02
   3.5000000e-01   6.2048505e-01   2.2817195e-02
   3.6000000e-01   6.7906940e-01   1.7004443e-02
   3.7000000e-01   7.2336869e-01   1.3620398e-02
   3.8000000e-01   7.6079284e-01   1.1536307e-02
   3.9000000e-01   7.9227812e-01   9.6606728e-03
   4.0000000e-01   8.1811536e-01   8.3503627e-03
   4.1000000e-01   8.4049096e-01   7.3684545e-03
   4.2000000e-01   8.5974283e-01   6.4148206e-03
   4.3000000e-01   8.7721685e-01   5.6558450e-03
   4.4000000e-01   8.9142790e-01   5.1388492e-03
   4.5000000e-01   9.0417497e-01   4.5610347e-03
   4.6000000e-01   9.1526630e-01   4.3154460e-03
   4.7000000e-01   9.2526290e-01   3.8247188e-03
   4.8000000e-01   9.3396154e-01   3.3980616e-03
   4.9000000e-01   9.4151069e-01   3.0149636e-03
   5.0000000e-01   9.4839660e-01   2.8662368e-03
   5.1000000e-01   9.5440400e-01   2.6643771e-03
   5.2000000e-01   9.5956623e-01   2.4970109e-03
   5.3000000e-01   9.6442867e-01   2.2709227e-03
   5.4000000e-01   9.6856733e-01   2.0788699e-03
   5.5000000e-01   9.7220440e-01   1.9756461e-03
   5.6000000e-01   9.7561638e-01   1.7484834e-03
   5.7000000e-01   9.7840779e-01   1.5989317e-03
   5.8000000e-01   9.8114725e-01   1.5338781e-03
   5.9000000e-01   9.8342817e-01   1.4442852e-03
   6.0000000e-01   9.8546523e-01   1.3556889e-03
   6.1000000e-01   9.8722248e-01   1.2518934e-03
   6.2000000e-01   9.8883716e-01   1.1632474e-03
   6.3000000e-01   9.9024885e-01   1.0259477e-03
   6.4000000e-01   9.9146174e-01   9.7156607e-04
   6.5000000e-01   9.9261299e-01   9.0670230e-04
   6.6000000e-01   9.9364086e-01   8.5000961e-04
   6.7000000e-01   9.9444036e-01   7.9396416e-04
   6.8000000e-01   9.9519031e-01   7.5016881e-04
   6.9000000e-01   9.9590210e-01   6.6759263e-04
   7.0000000e-01   9.9647443e-01   6.1626740e-04
   7.1000000e-01   9.9697353e-01   5.7494164e-04
   7.2000000e-01   9.9742138e-01   5.2307637e-04
   7.3000000e-01   9.9781289e-01   4.8291878e-04
   7.4000000e-01   9.9812737e-01   4.2755957e-04
   7.5000000e-01   9.9842308e-01   3.9062045e-04
   7.6000000e-01   9.9869540e-01   3.5990184e-04
   7.7000000e-01   9.9887882e-01   3.4166398e-04
   7.8000000e-01   9.9907562e-01   2.9552986e-04
   7.9000000e-01   9.9923237e-01   2.7693789e-04
   8.0000000e-01   9.9938172e-01   2.4481730e-04
   8.1000000e-01   9.9948082e-01   2.2614285e-04
   8.2000000e-01   9.9959171e-01   1.9930243e-04
   8.3000000e-01   9.9966513e-01   1.8972931e-04
   8.4000000e-01   9.9973097e-01   1.6423455e-04
   8.5000000e-01   9.9978691e-01   1.4586735e-04
   8.6000000e-01   9.9983147e-01   1.2681742e-04
   8.7000000e-01   9.9986863e-01   1.1358751e-04
   8.8000000e-01   9.9990320e-01   9.5082751e-05
   8.9000000e-01   9.9992777e-01   8.6142391e-05
   9.0000000e-01   9.9994675e-01   7.2296067e-05
   9.1000000e-01   9.9995994e-01   6.2766685e-05
   9.2000000e-01   9.9997143e-01   5.4953046e-05
   9.3000000e-01   9.9998222e-01   4.3377355e-05
   9.4000000e-01   9.9998801e-01   3.4568033e-05
   9.5000000e-01   9.9999251e-01   2.6703803e-05
   9.6000000e-01   9.9999690e-01   1.7323380e-05
   9.7000000e-01   9.9999740e-01   1.5905778e-05
   9.8000000e-01   9.9999950e-01   7.0498616e-06
   9.9000000e-01   9.9999970e-01   5.4662793e-06
   1.0000000e+00   1.0000000e+00   0.0000000e+00
