   0.0000000e+00   1.0000000e-03
   1.0000000e-02   1.1110877e-03
   2.0000000e-02   1.2499224e-03
   3.0000000e-02   1.4284606e-03
   4.0000000e-02   1.6665153e-03
   5.0000000e-02   1.9997106e-03
   6.0000000e-02   2.4991661e-03
   7.0000000e-02   3.3299227e-03
   8.0000000e-02   4.9797504e-03
   9.0000000e-02   9.7399058e-03
   1.0000000e-01   4.7733118e-02
   1.1000000e-01   2.1368928e-01
   1.2000000e-01   3.6631883e-01
   1.3000000e-01   4.8782955e-01
   1.4000000e-01   5.8411875e-01
   1.5000000e-01   6.6071769e-01
   1.6000000e-01   7.2199274e-01
   1.7000000e-01   7.7129755e-01
   1.8000000e-01   8.1119015e-01
   1.9000000e-01   8.4363301e-01
   2.0000000e-01   8.7014711e-01
   2.1000000e-01   8.9190495e-01
   2.2000000e-01   9.0982785e-01
   2.3000000e-01   9.2464134e-01
   2.4000000e-01   9.3692048e-01
   2.5000000e-01   9.4712655e-01
   2.6000000e-01   9.5562786e-01
   2.7000000e-01   9.6272298e-01
   2.8000000e-01   9.6865443e-01
   2.9000000e-01   9.7362086e-01
   3.0000000e-01   9.7778390e-01
   3.1000000e-01   9.8127765e-01
   3.2000000e-01   9.8421228e-01
   3.3000000e-01   9.8667915e-01
   3.4000000e-01   9.8875440e-01
   3.5000000e-01   9.9050121e-01
   3.6000000e-01   1.0000000e+00
   3.7000000e-01   1.0000000e+00
   3.8000000e-01   1.0000000e+00
   3.9000000e-01   1.0000000e+00
   4.0000000e-01   1.0000000e+00
   4.1000000e-01   1.0000000e+00
   4.2000000e-01   1.0000000e+00
   4.3000000e-01   1.0000000e+00
   4.4000000e-01   1.0000000e+00
   4.5000000e-01   1.0000000e+00
   4.6000000e-01   1.0000000e+00
   4.7000000e-01   1.0000000e+00
   4.8000000e-01   1.0000000e+00
   4.9000000e-01   1.0000000e+00
   5.0000000e-01   1.0000000e+00
   5.1000000e-01   1.0000000e+00
   5.2000000e-01   1.0000000e+00
   5.3000000e-01   1.0000000e+00
   5.4000000e-01   1.0000000e+00
   5.5000000e-01   1.0000000e+00
   5.6000000e-01   1.0000000e+00
   5.7000000e-01   1.0000000e+00
   5.8000000e-01   1.0000000e+00
   5.9000000e-01   1.0000000e+00
   6.0000000e-01   1.0000000e+00
   6.1000000e-01   1.0000000e+00
   6.2000000e-01   1.0000000e+00
   6.3000000e-01   1.0000000e+00
   6.4000000e-01   1.0000000e+00
   6.5000000e-01   1.0000000e+00
   6.6000000e-01   1.0000000e+00
   6.7000000e-01   1.0000000e+00
   6.8000000e-01   1.0000000e+00
   6.9000000e-01   1.0000000e+00
   7.0000000e-01   1.0000000e+00
   7.1000000e-01   1.0000000e+00
   7.2000000e-01   1.0000000e+00
   7.3000000e-01   1.0000000e+00
   7.4000000e-01   1.0000000e+00
   7.5000000e-01   1.0000000e+00
   7.6000000e-01   1.0000000e+00
   7.7000000e-01   1.0000000e+00
   7.8000000e-01   1.0000000e+00
   7.9000000e-01   1.0000000e+00
   8.0000000e-01   1.0000000e+00
   8.1000000e-01   1.0000000e+00
   8.2000000e-01   1.0000000e+00
   8.3000000e-01   1.0000000e+00
   8.4000000e-01   1.0000000e+00
   8.5000000e-01   1.0000000e+00
   8.6000000e-01   1.0000000e+00
   8.7000000e-01   1.0000000e+00
   8.8000000e-01   1.0000000e+00
   8.9000000e-01   1.0000000e+00
   9.0000000e-01   1.0000000e+00
   9.1000000e-01   1.0000000e+00
   9.2000000e-01   1.0000000e+00
   9.3000000e-01   1.0000000e+00
   9.4000000e-01   1.0000000e+00
   9.5000000e-01   1.0000000e+00
   9.6000000e-01   1.0000000e+00
   9.7000000e-01   1.0000000e+00
   9.8000000e-01   1.0000000e+00
   9.9000000e-01   1.0000000e+00
   1.0000000e+00   1.0000000e+00
   0.0000000e+00   1.0000000e-03
   1.0000000e-02   1.1110877e-03
   2.0000000e-02   1.2499224e-03
   3.0000000e-02   1.4284606e-03
   4.0000000e-02   1.6665153e-03
   5.0000000e-02   1.9997106e-03
   6.0000000e-02   2.4991663e-03
   7.0000000e-02   3.3299236e-03
   8.0000000e-02   4.9797566e-03
   9.0000000e-02   9.7400298e-03
   1.0000000e-01   4.7773635e-02
   1.1000000e-01   2.1528965e-01
   1.2000000e-01   3.7032629e-01
   1.3000000e-01   4.9367849e-01
   1.4000000e-01   5.9100289e-01
   1.5000000e-01   6.6797334e-01
   1.6000000e-01   7.2916530e-01
   1.7000000e-01   7.7810918e-01
   1.8000000e-01   8.1749193e-01
   1.9000000e-01   8.4935673e-01
   2.0000000e-01   8.7527857e-01
   2.1000000e-01   8.9646226e-01
   2.2000000e-01   9.1384564e-01
   2.3000000e-01   9.2816351e-01
   2.4000000e-01   9.3999468e-01
   2.5000000e-01   9.4979954e-01
   2.6000000e-01   9.5794480e-01
   2.7000000e-01   9.6472565e-01
   2.8000000e-01   9.7038156e-01
   2.9000000e-01   9.7510684e-01
   3.0000000e-01   9.7905979e-01
   3.1000000e-01   9.8237089e-01
   3.2000000e-01   9.8514733e-01
   3.3000000e-01   9.8747735e-01
   3.4000000e-01   9.8943451e-01
   3.5000000e-01   9.9107972e-01
   3.6000000e-01   1.0000000e+00
   3.7000000e-01   1.0000000e+00
   3.8000000e-01   1.0000000e+00
   3.9000000e-01   1.0000000e+00
   4.0000000e-01   1.0000000e+00
   4.1000000e-01   1.0000000e+00
   4.2000000e-01   1.0000000e+00
   4.3000000e-01   1.0000000e+00
   4.4000000e-01   1.0000000e+00
   4.5000000e-01   1.0000000e+00
   4.6000000e-01   1.0000000e+00
   4.7000000e-01   1.0000000e+00
   4.8000000e-01   1.0000000e+00
   4.9000000e-01   1.0000000e+00
   5.0000000e-01   1.0000000e+00
   5.1000000e-01   1.0000000e+00
   5.2000000e-01   1.0000000e+00
   5.3000000e-01   1.0000000e+00
   5.4000000e-01   1.0000000e+00
   5.5000000e-01   1.0000000e+00
   5.6000000e-01   1.0000000e+00
   5.7000000e-01   1.0000000e+00
   5.8000000e-01   1.0000000e+00
   5.9000000e-01   1.0000000e+00
   6.0000000e-01   1.0000000e+00
   6.1000000e-01   1.0000000e+00
   6.2000000e-01   1.0000000e+00
   6.3000000e-01   1.0000000e+00
   6.4000000e-01   1.0000000e+00
   6.5000000e-01   1.0000000e+00
   6.6000000e-01   1.0000000e+00
   6.7000000e-01   1.0000000e+00
   6.8000000e-01   1.0000000e+00
   6.9000000e-01   1.0000000e+00
   7.0000000e-01   1.0000000e+00
   7.1000000e-01   1.0000000e+00
   7.2000000e-01   1.0000000e+00
   7.3000000e-01   1.0000000e+00
   7.4000000e-01   1.0000000e+00
   7.5000000e-01   1.0000000e+00
   7.6000000e-01   1.0000000e+00
   7.7000000e-01   1.0000000e+00
   7.8000000e-01   1.0000000e+00
   7.9000000e-01   1.0000000e+00
   8.0000000e-01   1.0000000e+00
   8.1000000e-01   1.0000000e+00
   8.2000000e-01   1.0000000e+00
   8.3000000e-01   1.0000000e+00
   8.4000000e-01   1.0000000e+00
   8.5000000e-01   1.0000000e+00
   8.6000000e-01   1.0000000e+00
   8.7000000e-01   1.0000000e+00
   8.8000000e-01   1.0000000e+00
   8.9000000e-01   1.0000000e+00
   9.0000000e-01   1.0000000e+00
   9.1000000e-01   1.0000000e+00
   9.2000000e-01   1.0000000e+00
   9.3000000e-01   1.0000000e+00
   9.4000000e-01   1.0000000e+00
   9.5000000e-01   1.0000000e+00
   9.6000000e-01   1.0000000e+00
   9.7000000e-01   1.0000000e+00
   9.8000000e-01   1.0000000e+00
   9.9000000e-01   1.0000000e+00
   1.0000000e+00   1.0000000e+00
   0.0000000e+00   1.0000000e-03
   1.0000000e-02   1.1110889e-03
   2.0000000e-02   1.2499258e-03
   3.0000000e-02   1.4284721e-03
   4.0000000e-02   1.6665478e-03
   5.0000000e-02   1.9997966e-03
   6.0000000e-02   2.4994066e-03
   7.0000000e-02   3.3306912e-03
   8.0000000e-02   4.9830744e-03
   9.0000000e-02   9.7704223e-03
   1.0000000e-01   4.9822072e-02
   1.1000000e-01   2.3121435e-01
   1.2000000e-01   3.9170853e-01
   1.3000000e-01   5.1576903e-01
   1.4000000e-01   6.1179919e-01
   1.5000000e-01   6.8674571e-01
   1.6000000e-01   7.4576490e-01
   1.7000000e-01   7.9262867e-01
   1.8000000e-01   8.3011846e-01
   1.9000000e-01   8.6030707e-01
   2.0000000e-01   8.8476086e-01
   2.1000000e-01   9.0466938e-01
   2.2000000e-01   9.2094942e-01
   2.3000000e-01   9.3431338e-01
   2.4000000e-01   9.4532097e-01
   2.5000000e-01   9.5441285e-01
   2.6000000e-01   9.6194220e-01
   2.7000000e-01   9.6819044e-01
   2.8000000e-01   9.7338509e-01
   2.9000000e-01   9.7771082e-01
   3.0000000e-01   9.8131767e-01
   3.1000000e-01   9.8432869e-01
   3.2000000e-01   9.8684484e-01
   3.3000000e-01   9.8894910e-01
   3.4000000e-01   9.9071024e-01
   3.5000000e-01   1.0000000e+00
   3.6000000e-01   1.0000000e+00
   3.7000000e-01   1.0000000e+00
   3.8000000e-01   1.0000000e+00
   3.9000000e-01   1.0000000e+00
   4.0000000e-01   1.0000000e+00
   4.1000000e-01   1.0000000e+00
   4.2000000e-01   1.0000000e+00
   4.3000000e-01   1.0000000e+00
   4.4000000e-01   1.0000000e+00
   4.5000000e-01   1.0000000e+00
   4.6000000e-01   1.0000000e+00
   4.7000000e-01   1.0000000e+00
   4.8000000e-01   1.0000000e+00
   4.9000000e-01   1.0000000e+00
   5.0000000e-01   1.0000000e+00
   5.1000000e-01   1.0000000e+00
   5.2000000e-01   1.0000000e+00
   5.3000000e-01   1.0000000e+00
   5.4000000e-01   1.0000000e+00
   5.5000000e-01   1.0000000e+00
   5.6000000e-01   1.0000000e+00
   5.7000000e-01   1.0000000e+00
   5.8000000e-01   1.0000000e+00
   5.9000000e-01   1.0000000e+00
   6.0000000e-01   1.0000000e+00
   6.1000000e-01   1.0000000e+00
   6.2000000e-01   1.0000000e+00
   6.3000000e-01   1.0000000e+00
   6.4000000e-01   1.0000000e+00
   6.5000000e-01   1.0000000e+00
   6.6000000e-01   1.0000000e+00
   6.7000000e-01   1.0000000e+00
   6.8000000e-01   1.0000000e+00
   6.9000000e-01   1.0000000e+00
   7.0000000e-01   1.0000000e+00
   7.1000000e-01   1.0000000e+00
   7.2000000e-01   1.0000000e+00
   7.3000000e-01   1.0000000e+00
   7.4000000e-01   1.0000000e+00
   7.5000000e-01   1.0000000e+00
   7.6000000e-01   1.0000000e+00
   7.7000000e-01   1.0000000e+00
   7.8000000e-01   1.0000000e+00
   7.9000000e-01   1.0000000e+00
   8.0000000e-01   1.0000000e+00
   8.1000000e-01   1.0000000e+00
   8.2000000e-01   1.0000000e+00
   8.3000000e-01   1.0000000e+00
   8.4000000e-01   1.0000000e+00
   8.5000000e-01   1.0000000e+00
   8.6000000e-01   1.0000000e+00
   8.7000000e-01   1.0000000e+00
   8.8000000e-01   1.0000000e+00
   8.9000000e-01   1.0000000e+00
   9.0000000e-01   1.0000000e+00
   9.1000000e-01   1.0000000e+00
   9.2000000e-01   1.0000000e+00
   9.3000000e-01   1.0000000e+00
   9.4000000e-01   1.0000000e+00
   9.5000000e-01   1.0000000e+00
   9.6000000e-01   1.0000000e+00
   9.7000000e-01   1.0000000e+00
   9.8000000e-01   1.0000000e+00
   9.9000000e-01   1.0000000e+00
   1.0000000e+00   1.0000000e+00
   0.0000000e+00   1.0000000e-03
   1.0000000e-02   1.1110889e-03
   2.0000000e-02   1.2499258e-03
   3.0000000e-02   1.4284721e-03
   4.0000000e-02   1.6665478e-03
   5.0000000e-02   1.9997966e-03
   6.0000000e-02   2.4994067e-03
   7.0000000e-02   3.3306919e-03
   8.0000000e-02   4.9830794e-03
   9.0000000e-02   9.7705230e-03
   1.0000000e-01   4.9859381e-02
   1.1000000e-01   2.3270398e-01
   1.2000000e-01   3.9507287e-01
   1.3000000e-01   5.2030509e-01
   1.4000000e-01   6.1682230e-01
   1.5000000e-01   6.9179250e-01
   1.6000000e-01   7.5056401e-01
   1.7000000e-01   7.9704170e-01
   1.8000000e-01   8.3409021e-01
   1.9000000e-01   8.6383030e-01
   2.0000000e-01   8.8785419e-01
   2.1000000e-01   9.0736618e-01
   2.2000000e-01   9.2328775e-01
   2.3000000e-01   9.3633249e-01
   2.4000000e-01   9.4705907e-01
   2.5000000e-01   9.5590509e-01
   2.6000000e-01   9.6322057e-01
   2.7000000e-01   9.6928331e-01
   2.8000000e-01   9.7431839e-01
   2.9000000e-01   9.7850627e-01
   3.0000000e-01   9.8199494e-01
   3.1000000e-01   9.8490445e-01
   3.2000000e-01   9.8733371e-01
   3.3000000e-01   9.8936371e-01
   3.4000000e-01   9.9106145e-01
   3.5000000e-01   1.0000000e+00
   3.6000000e-01   1.0000000e+00
   3.7000000e-01   1.0000000e+00
   3.8000000e-01   1.0000000e+00
   3.9000000e-01   1.0000000e+00
   4.0000000e-01   1.0000000e+00
   4.1000000e-01   1.0000000e+00
   4.2000000e-01   1.0000000e+00
   4.3000000e-01   1.0000000e+00
   4.4000000e-01   1.0000000e+00
   4.5000000e-01   1.0000000e+00
   4.6000000e-01   1.0000000e+00
   4.7000000e-01   1.0000000e+00
   4.8000000e-01   1.0000000e+00
   4.9000000e-01   1.0000000e+00
   5.0000000e-01   1.0000000e+00
   5.1000000e-01   1.0000000e+00
   5.2000000e-01   1.0000000e+00
   5.3000000e-01   1.0000000e+00
   5.4000000e-01   1.0000000e+00
   5.5000000e-01   1.0000000e+00
   5.6000000e-01   1.0000000e+00
   5.7000000e-01   1.0000000e+00
   5.8000000e-01   1.0000000e+00
   5.9000000e-01   1.0000000e+00
   6.0000000e-01   1.0000000e+00
   6.1000000e-01   1.0000000e+00
   6.2000000e-01   1.0000000e+00
   6.3000000e-01   1.0000000e+00
   6.4000000e-01   1.0000000e+00
   6.5000000e-01   1.0000000e+00
   6.6000000e-01   1.0000000e+00
   6.7000000e-01   1.0000000e+00
   6.8000000e-01   1.0000000e+00
   6.9000000e-01   1.0000000e+00
   7.0000000e-01   1.0000000e+00
   7.1000000e-01   1.0000000e+00
   7.2000000e-01   1.0000000e+00
   7.3000000e-01   1.0000000e+00
   7.4000000e-01   1.0000000e+00
   7.5000000e-01   1.0000000e+00
   7.6000000e-01   1.0000000e+00
   7.7000000e-01   1.0000000e+00
   7.8000000e-01   1.0000000e+00
   7.9000000e-01   1.0000000e+00
   8.0000000e-01   1.0000000e+00
   8.1000000e-01   1.0000000e+00
   8.2000000e-01   1.0000000e+00
   8.3000000e-01   1.0000000e+00
   8.4000000e-01   1.0000000e+00
   8.5000000e-01   1.0000000e+00
   8.6000000e-01   1.0000000e+00
   8.7000000e-01   1.0000000e+00
   8.8000000e-01   1.0000000e+00
   8.9000000e-01   1.0000000e+00
   9.0000000e-01   1.0000000e+00
   9.1000000e-01   1.0000000e+00
   9.2000000e-01   1.0000000e+00
   9.3000000e-01   1.0000000e+00
   9.4000000e-01   1.0000000e+00
   9.5000000e-01   1.0000000e+00
   9.6000000e-01   1.0000000e+00
   9.7000000e-01   1.0000000e+00
   9.8000000e-01   1.0000000e+00
   9.9000000e-01   1.0000000e+00
   1.0000000e+00   1.0000000e+00
   0.0000000e+00   1.0000000e-03
   1.0000000e-02   1.1135888e-03
   2.0000000e-02   1.2560486e-03
   3.0000000e-02   1.4404980e-03
   4.0000000e-02   1.6885036e-03
   5.0000000e-02   2.0393914e-03
   6.0000000e-02   2.5743206e-03
   7.0000000e-02   3.4883639e-03
   8.0000000e-02   5.3989673e-03
   9.0000000e-02   1.1715577e-02
   1.0000000e-01   8.2476130e-02
   1.1000000e-01   2.8909587e-01
   1.2000000e-01   4.4887465e-01
   1.3000000e-01   5.6806604e-01
   1.4000000e-01   6.5806831e-01
   1.5000000e-01   7.2700304e-01
   1.6000000e-01   7.8048027e-01
   1.7000000e-01   8.2241895e-01
   1.8000000e-01   8.5561983e-01
   1.9000000e-01   8.8211128e-01
   2.0000000e-01   9.0339604e-01
   2.1000000e-01   9.2059468e-01
   2.2000000e-01   9.3456182e-01
   2.3000000e-01   9.4595336e-01
   2.4000000e-01   9.5527671e-01
   2.5000000e-01   9.6293288e-01
   2.6000000e-01   9.6923541e-01
   2.7000000e-01   9.7443568e-01
   2.8000000e-01   9.7873479e-01
   2.9000000e-01   9.8229460e-01
   3.0000000e-01   9.8524654e-01
   3.1000000e-01   9.8769703e-01
   3.2000000e-01   9.8973345e-01
   3.3000000e-01   9.9142718e-01
   3.4000000e-01   1.0000000e+00
   3.5000000e-01   1.0000000e+00
   3.6000000e-01   1.0000000e+00
   3.7000000e-01   1.0000000e+00
   3.8000000e-01   1.0000000e+00
   3.9000000e-01   1.0000000e+00
   4.0000000e-01   1.0000000e+00
   4.1000000e-01   1.0000000e+00
   4.2000000e-01   1.0000000e+00
   4.3000000e-01   1.0000000e+00
   4.4000000e-01   1.0000000e+00
   4.5000000e-01   1.0000000e+00
   4.6000000e-01   1.0000000e+00
   4.7000000e-01   1.0000000e+00
   4.8000000e-01   1.0000000e+00
   4.9000000e-01   1.0000000e+00
   5.0000000e-01   1.0000000e+00
   5.1000000e-01   1.0000000e+00
   5.2000000e-01   1.0000000e+00
   5.3000000e-01   1.0000000e+00
   5.4000000e-01   1.0000000e+00
   5.5000000e-01   1.0000000e+00
   5.6000000e-01   1.0000000e+00
   5.7000000e-01   1.0000000e+00
   5.8000000e-01   1.0000000e+00
   5.9000000e-01   1.0000000e+00
   6.0000000e-01   1.0000000e+00
   6.1000000e-01   1.0000000e+00
   6.2000000e-01   1.0000000e+00
   6.3000000e-01   1.0000000e+00
   6.4000000e-01   1.0000000e+00
   6.5000000e-01   1.0000000e+00
   6.6000000e-01   1.0000000e+00
   6.7000000e-01   1.0000000e+00
   6.8000000e-01   1.0000000e+00
   6.9000000e-01   1.0000000e+00
   7.0000000e-01   1.0000000e+00
   7.1000000e-01   1.0000000e+00
   7.2000000e-01   1.0000000e+00
   7.3000000e-01   1.0000000e+00
   7.4000000e-01   1.0000000e+00
   7.5000000e-01   1.0000000e+00
   7.6000000e-01   1.0000000e+00
   7.7000000e-01   1.0000000e+00
   7.8000000e-01   1.0000000e+00
   7.9000000e-01   1.0000000e+00
   8.0000000e-01   1.0000000e+00
   8.1000000e-01   1.0000000e+00
   8.2000000e-01   1.0000000e+00
   8.3000000e-01   1.0000000e+00
   8.4000000e-01   1.0000000e+00
   8.5000000e-01   1.0000000e+00
   8.6000000e-01   1.0000000e+00
   8.7000000e-01   1.0000000e+00
   8.8000000e-01   1.0000000e+00
   8.9000000e-01   1.0000000e+00
   9.0000000e-01   1.0000000e+00
   9.1000000e-01   1.0000000e+00
   9.2000000e-01   1.0000000e+00
   9.3000000e-01   1.0000000e+00
   9.4000000e-01   1.0000000e+00
   9.5000000e-01   1.0000000e+00
   9.6000000e-01   1.0000000e+00
   9.7000000e-01   1.0000000e+00
   9.8000000e-01   1.0000000e+00
   9.9000000e-01   1.0000000e+00
   1.0000000e+00   1.0000000e+00
   0.0000000e+00   1.0000000e-03
   1.0000000e-02   1.1135888e-03
   2.0000000e-02   1.2560486e-03
   3.0000000e-02   1.4404980e-03
   4.0000000e-02   1.6885036e-03
   5.0000000e-02   2.0393914e-03
   6.0000000e-02   2.5743206e-03
   7.0000000e-02   3.4883639e-03
   8.0000000e-02   5.3989673e-03
   9.0000000e-02   1.1715577e-02
   1.0000000e-01   8.2476282e-02
   1.1000000e-01   2.8910395e-01
   1.2000000e-01   4.4889662e-01
   1.3000000e-01   5.6809896e-01
   1.4000000e-01   6.5810695e-01
   1.5000000e-01   7.2704302e-01
   1.6000000e-01   7.8051869e-01
   1.7000000e-01   8.2245419e-01
   1.8000000e-01   8.5565107e-01
   1.9000000e-01   8.8213839e-01
   2.0000000e-01   9.0341916e-01
   2.1000000e-01   9.2061415e-01
   2.2000000e-01   9.3457810e-01
   2.3000000e-01   9.4596669e-01
   2.4000000e-01   9.5528829e-01
   2.5000000e-01   9.6294171e-01
   2.6000000e-01   9.6924261e-01
   2.7000000e-01   9.7444146e-01
   2.8000000e-01   9.7873938e-01
   2.9000000e-01   9.8229831e-01
   3.0000000e-01   9.8524940e-01
   3.1000000e-01   9.8769929e-01
   3.2000000e-01   9.8973516e-01
   3.3000000e-01   9.9142853e-01
   3.4000000e-01   1.0000000e+00
   3.5000000e-01   1.0000000e+00
   3.6000000e-01   1.0000000e+00
   3.7000000e-01   1.0000000e+00
   3.8000000e-01   1.0000000e+00
   3.9000000e-01   1.0000000e+00
   4.0000000e-01   1.0000000e+00
   4.1000000e-01   1.0000000e+00
   4.2000000e-01   1.0000000e+00
   4.3000000e-01   1.0000000e+00
   4.4000000e-01   1.0000000e+00
   4.5000000e-01   1.0000000e+00
   4.6000000e-01   1.0000000e+00
   4.7000000e-01   1.0000000e+00
   4.8000000e-01   1.0000000e+00
   4.9000000e-01   1.0000000e+00
   5.0000000e-01   1.0000000e+00
   5.1000000e-01   1.0000000e+00
   5.2000000e-01   1.0000000e+00
   5.3000000e-01   1.0000000e+00
   5.4000000e-01   1.0000000e+00
   5.5000000e-01   1.0000000e+00
   5.6000000e-01   1.0000000e+00
   5.7000000e-01   1.0000000e+00
   5.8000000e-01   1.0000000e+00
   5.9000000e-01   1.0000000e+00
   6.0000000e-01   1.0000000e+00
   6.1000000e-01   1.0000000e+00
   6.2000000e-01   1.0000000e+00
   6.3000000e-01   1.0000000e+00
   6.4000000e-01   1.0000000e+00
   6.5000000e-01   1.0000000e+00
   6.6000000e-01   1.0000000e+00
   6.7000000e-01   1.0000000e+00
   6.8000000e-01   1.0000000e+00
   6.9000000e-01   1.0000000e+00
   7.0000000e-01   1.0000000e+00
   7.1000000e-01   1.0000000e+00
   7.2000000e-01   1.0000000e+00
   7.3000000e-01   1.0000000e+00
   7.4000000e-01   1.0000000e+00
   7.5000000e-01   1.0000000e+00
   7.6000000e-01   1.0000000e+00
   7.7000000e-01   1.0000000e+00
   7.8000000e-01   1.0000000e+00
   7.9000000e-01   1.0000000e+00
   8.0000000e-01   1.0000000e+00
   8.1000000e-01   1.0000000e+00
   8.2000000e-01   1.0000000e+00
   8.3000000e-01   1.0000000e+00
   8.4000000e-01   1.0000000e+00
   8.5000000e-01   1.0000000e+00
   8.6000000e-01   1.0000000e+00
   8.7000000e-01   1.0000000e+00
   8.8000000e-01   1.0000000e+00
   8.9000000e-01   1.0000000e+00
   9.0000000e-01   1.0000000e+00
   9.1000000e-01   1.0000000e+00
   9.2000000e-01   1.0000000e+00
   9.3000000e-01   1.0000000e+00
   9.4000000e-01   1.0000000e+00
   9.5000000e-01   1.0000000e+00
   9.6000000e-01   1.0000000e+00
   9.7000000e-01   1.0000000e+00
   9.8000000e-01   1.0000000e+00
   9.9000000e-01   1.0000000e+00
   1.0000000e+00   1.0000000e+00
   0.0000000e+00   1.0000000e-03
   1.0000000e-02   1.1135936e-03
   2.0000000e-02   1.2560540e-03
   3.0000000e-02   1.4405157e-03
   4.0000000e-02   1.6885559e-03
   5.0000000e-02   2.0395226e-03
   6.0000000e-02   2.5746960e-03
   7.0000000e-02   3.4895972e-03
   8.0000000e-02   5.4048090e-03
   9.0000000e-02   1.1787672e-02
   1.0000000e-01   9.0539901e-02
   1.1000000e-01   3.1736370e-01
   1.2000000e-01   4.7986133e-01
   1.3000000e-01   5.9689130e-01
   1.4000000e-01   6.8342540e-01
   1.5000000e-01   7.4879058e-01
   1.6000000e-01   7.9899139e-01
   1.7000000e-01   8.3806609e-01
   1.8000000e-01   8.6881302e-01
   1.9000000e-01   8.9322471e-01
   2.0000000e-01   9.1275484e-01
   2.1000000e-01   9.2847604e-01
   2.2000000e-01   9.4120041e-01
   2.3000000e-01   9.5154621e-01
   2.4000000e-01   9.5998978e-01
   2.5000000e-01   9.6690393e-01
   2.6000000e-01   9.7258123e-01
   2.7000000e-01   9.7725467e-01
   2.8000000e-01   9.8110915e-01
   2.9000000e-01   9.8429380e-01
   3.0000000e-01   9.8692907e-01
   3.1000000e-01   9.8911240e-01
   3.2000000e-01   9.9092337e-01
   3.3000000e-01   1.0000000e+00
   3.4000000e-01   1.0000000e+00
   3.5000000e-01   1.0000000e+00
   3.6000000e-01   1.0000000e+00
   3.7000000e-01   1.0000000e+00
   3.8000000e-01   1.0000000e+00
   3.9000000e-01   1.0000000e+00
   4.0000000e-01   1.0000000e+00
   4.1000000e-01   1.0000000e+00
   4.2000000e-01   1.0000000e+00
   4.3000000e-01   1.0000000e+00
   4.4000000e-01   1.0000000e+00
   4.5000000e-01   1.0000000e+00
   4.6000000e-01   1.0000000e+00
   4.7000000e-01   1.0000000e+00
   4.8000000e-01   1.0000000e+00
   4.9000000e-01   1.0000000e+00
   5.0000000e-01   1.0000000e+00
   5.1000000e-01   1.0000000e+00
   5.2000000e-01   1.0000000e+00
   5.3000000e-01   1.0000000e+00
   5.4000000e-01   1.0000000e+00
   5.5000000e-01   1.0000000e+00
   5.6000000e-01   1.0000000e+00
   5.7000000e-01   1.0000000e+00
   5.8000000e-01   1.0000000e+00
   5.9000000e-01   1.0000000e+00
   6.0000000e-01   1.0000000e+00
   6.1000000e-01   1.0000000e+00
   6.2000000e-01   1.0000000e+00
   6.3000000e-01   1.0000000e+00
   6.4000000e-01   1.0000000e+00
   6.5000000e-01   1.0000000e+00
   6.6000000e-01   1.0000000e+00
   6.7000000e-01   1.0000000e+00
   6.8000000e-01   1.0000000e+00
   6.9000000e-01   1.0000000e+00
   7.0000000e-01   1.0000000e+00
   7.1000000e-01   1.0000000e+00
   7.2000000e-01   1.0000000e+00
   7.3000000e-01   1.0000000e+00
   7.4000000e-01   1.0000000e+00
   7.5000000e-01   1.0000000e+00
   7.6000000e-01   1.0000000e+00
   7.7000000e-01   1.0000000e+00
   7.8000000e-01   1.0000000e+00
   7.9000000e-01   1.0000000e+00
   8.0000000e-01   1.0000000e+00
   8.1000000e-01   1.0000000e+00
   8.2000000e-01   1.0000000e+00
   8.3000000e-01   1.0000000e+00
   8.4000000e-01   1.0000000e+00
   8.5000000e-01   1.0000000e+00
   8.6000000e-01   1.0000000e+00
   8.7000000e-01   1.0000000e+00
   8.8000000e-01   1.0000000e+00
   8.9000000e-01   1.0000000e+00
   9.0000000e-01   1.0000000e+00
   9.1000000e-01   1.0000000e+00
   9.2000000e-01   1.0000000e+00
   9.3000000e-01   1.0000000e+00
   9.4000000e-01   1.0000000e+00
   9.5000000e-01   1.0000000e+00
   9.6000000e-01   1.0000000e+00
   9.7000000e-01   1.0000000e+00
   9.8000000e-01   1.0000000e+00
   9.9000000e-01   1.0000000e+00
   1.0000000e+00   1.0000000e+00
   0.0000000e+00   1.0000000e-03
   1.0000000e-02   1.1135936e-03
   2.0000000e-02   1.2560540e-03
   3.0000000e-02   1.4405157e-03
   4.0000000e-02   1.6885559e-03
   5.0000000e-02   2.0395226e-03
   6.0000000e-02   2.5746961e-03
   7.0000000e-02   3.4895977e-03
   8.0000000e-02   5.4048127e-03
   9.0000000e-02   1.1787785e-02
   1.0000000e-01   9.0641414e-02
   1.1000000e-01   3.1856796e-01
   1.2000000e-01   4.8165628e-01
   1.3000000e-01   5.9881008e-01
   1.4000000e-01   6.8523832e-01
   1.5000000e-01   7.5040531e-01
   1.6000000e-01   8.0038298e-01
   1.7000000e-01   8.3924312e-01
   1.8000000e-01   8.6979665e-01
   1.9000000e-01   8.9404037e-01
   2.0000000e-01   9.1342739e-01
   2.1000000e-01   9.2902789e-01
   2.2000000e-01   9.4165191e-01
   2.3000000e-01   9.5191477e-01
   2.4000000e-01   9.6028990e-01
   2.5000000e-01   9.6714769e-01
   2.6000000e-01   9.7277931e-01
   2.7000000e-01   9.7741490e-01
   2.8000000e-01   9.8123852e-01
   2.9000000e-01   9.8439825e-01
   3.0000000e-01   9.8701310e-01
   3.1000000e-01   9.8917990e-01
   3.2000000e-01   9.9097752e-01
   3.3000000e-01   1.0000000e+00
   3.4000000e-01   1.0000000e+00
   3.5000000e-01   1.0000000e+00
   3.6000000e-01   1.0000000e+00
   3.7000000e-01   1.0000000e+00
   3.8000000e-01   1.0000000e+00
   3.9000000e-01   1.0000000e+00
   4.0000000e-01   1.0000000e+00
   4.1000000e-01   1.0000000e+00
   4.2000000e-01   1.0000000e+00
   4.3000000e-01   1.0000000e+00
   4.4000000e-01   1.0000000e+00
   4.5000000e-01   1.0000000e+00
   4.6000000e-01   1.0000000e+00
   4.7000000e-01   1.0000000e+00
   4.8000000e-01   1.0000000e+00
   4.9000000e-01   1.0000000e+00
   5.0000000e-01   1.0000000e+00
   5.1000000e-01   1.0000000e+00
   5.2000000e-01   1.0000000e+00
   5.3000000e-01   1.0000000e+00
   5.4000000e-01   1.0000000e+00
   5.5000000e-01   1.0000000e+00
   5.6000000e-01   1.0000000e+00
   5.7000000e-01   1.0000000e+00
   5.8000000e-01   1.0000000e+00
   5.9000000e-01   1.0000000e+00
   6.0000000e-01   1.0000000e+00
   6.1000000e-01   1.0000000e+00
   6.2000000e-01   1.0000000e+00
   6.3000000e-01   1.0000000e+00
   6.4000000e-01   1.0000000e+00
   6.5000000e-01   1.0000000e+00
   6.6000000e-01   1.0000000e+00
   6.7000000e-01   1.0000000e+00
   6.8000000e-01   1.0000000e+00
   6.9000000e-01   1.0000000e+00
   7.0000000e-01   1.0000000e+00
   7.1000000e-01   1.0000000e+00
   7.2000000e-01   1.0000000e+00
   7.3000000e-01   1.0000000e+00
   7.4000000e-01   1.0000000e+00
   7.5000000e-01   1.0000000e+00
   7.6000000e-01   1.0000000e+00
   7.7000000e-01   1.0000000e+00
   7.8000000e-01   1.0000000e+00
   7.9000000e-01   1.0000000e+00
   8.0000000e-01   1.0000000e+00
   8.1000000e-01   1.0000000e+00
   8.2000000e-01   1.0000000e+00
   8.3000000e-01   1.0000000e+00
   8.4000000e-01   1.0000000e+00
   8.5000000e-01   1.0000000e+00
   8.6000000e-01   1.0000000e+00
   8.7000000e-01   1.0000000e+00
   8.8000000e-01   1.0000000e+00
   8.9000000e-01   1.0000000e+00
   9.0000000e-01   1.0000000e+00
   9.1000000e-01   1.0000000e+00
   9.2000000e-01   1.0000000e+00
   9.3000000e-01   1.0000000e+00
   9.4000000e-01   1.0000000e+00
   9.5000000e-01   1.0000000e+00
   9.6000000e-01   1.0000000e+00
   9.7000000e-01   1.0000000e+00
   9.8000000e-01   1.0000000e+00
   9.9000000e-01   1.0000000e+00
   1.0000000e+00   1.0000000e+00
   0.0000000e+00   1.0000000e-03
   1.0000000e-02   1.1188024e-03
   2.0000000e-02   1.2680017e-03
   3.0000000e-02   1.4641352e-03
   4.0000000e-02   1.7326150e-03
   5.0000000e-02   2.1181718e-03
   6.0000000e-02   2.7298925e-03
   7.0000000e-02   3.8324403e-03
   8.0000000e-02   6.4092747e-03
   9.0000000e-02   1.8489976e-02
   1.0000000e-01   1.8456613e-01
   1.1000000e-01   3.9801760e-01
   1.2000000e-01   5.4386686e-01
   1.3000000e-01   6.4795978e-01
   1.4000000e-01   7.2454297e-01
   1.5000000e-01   7.8217431e-01
   1.6000000e-01   8.2629720e-01
   1.7000000e-01   8.6054033e-01
   1.8000000e-01   8.8740822e-01
   1.9000000e-01   9.0868174e-01
   2.0000000e-01   9.2565145e-01
   2.1000000e-01   9.3927292e-01
   2.2000000e-01   9.5026501e-01
   2.3000000e-01   9.5917416e-01
   2.4000000e-01   9.6642222e-01
   2.5000000e-01   9.7233801e-01
   2.6000000e-01   9.7717925e-01
   2.7000000e-01   9.8115020e-01
   2.8000000e-01   9.8441362e-01
   2.9000000e-01   9.8710006e-01
   3.0000000e-01   9.8931454e-01
   3.1000000e-01   9.9114220e-01
   3.2000000e-01   1.0000000e+00
   3.3000000e-01   1.0000000e+00
   3.4000000e-01   1.0000000e+00
   3.5000000e-01   1.0000000e+00
   3.6000000e-01   1.0000000e+00
   3.7000000e-01   1.0000000e+00
   3.8000000e-01   1.0000000e+00
   3.9000000e-01   1.0000000e+00
   4.0000000e-01   1.0000000e+00
   4.1000000e-01   1.0000000e+00
   4.2000000e-01   1.0000000e+00
   4.3000000e-01   1.0000000e+00
   4.4000000e-01   1.0000000e+00
   4.5000000e-01   1.0000000e+00
   4.6000000e-01   1.0000000e+00
   4.7000000e-01   1.0000000e+00
   4.8000000e-01   1.0000000e+00
   4.9000000e-01   1.0000000e+00
   5.0000000e-01   1.0000000e+00
   5.1000000e-01   1.0000000e+00
   5.2000000e-01   1.0000000e+00
   5.3000000e-01   1.0000000e+00
   5.4000000e-01   1.0000000e+00
   5.5000000e-01   1.0000000e+00
   5.6000000e-01   1.0000000e+00
   5.7000000e-01   1.0000000e+00
   5.8000000e-01   1.0000000e+00
   5.9000000e-01   1.0000000e+00
   6.0000000e-01   1.0000000e+00
   6.1000000e-01   1.0000000e+00
   6.2000000e-01   1.0000000e+00
   6.3000000e-01   1.0000000e+00
   6.4000000e-01   1.0000000e+00
   6.5000000e-01   1.0000000e+00
   6.6000000e-01   1.0000000e+00
   6.7000000e-01   1.0000000e+00
   6.8000000e-01   1.0000000e+00
   6.9000000e-01   1.0000000e+00
   7.0000000e-01   1.0000000e+00
   7.1000000e-01   1.0000000e+00
   7.2000000e-01   1.0000000e+00
   7.3000000e-01   1.0000000e+00
   7.4000000e-01   1.0000000e+00
   7.5000000e-01   1.0000000e+00
   7.6000000e-01   1.0000000e+00
   7.7000000e-01   1.0000000e+00
   7.8000000e-01   1.0000000e+00
   7.9000000e-01   1.0000000e+00
   8.0000000e-01   1.0000000e+00
   8.1000000e-01   1.0000000e+00
   8.2000000e-01   1.0000000e+00
   8.3000000e-01   1.0000000e+00
   8.4000000e-01   1.0000000e+00
   8.5000000e-01   1.0000000e+00
   8.6000000e-01   1.0000000e+00
   8.7000000e-01   1.0000000e+00
   8.8000000e-01   1.0000000e+00
   8.9000000e-01   1.0000000e+00
   9.0000000e-01   1.0000000e+00
   9.1000000e-01   1.0000000e+00
   9.2000000e-01   1.0000000e+00
   9.3000000e-01   1.0000000e+00
   9.4000000e-01   1.0000000e+00
   9.5000000e-01   1.0000000e+00
   9.6000000e-01   1.0000000e+00
   9.7000000e-01   1.0000000e+00
   9.8000000e-01   1.0000000e+00
   9.9000000e-01   1.0000000e+00
   1.0000000e+00   1.0000000e+00
   0.0000000e+00   1.0000000e-03
   1.0000000e-02   1.1188092e-03
   2.0000000e-02   1.2680097e-03
   3.0000000e-02   1.4641608e-03
   4.0000000e-02   1.7326910e-03
   5.0000000e-02   2.1183840e-03
   6.0000000e-02   2.7303289e-03
   7.0000000e-02   3.8339669e-03
   8.0000000e-02   6.4181375e-03
   9.0000000e-02   1.8727154e-02
   1.0000000e-01   2.0373405e-01
   1.1000000e-01   4.2272936e-01
   1.2000000e-01   5.6610372e-01
   1.3000000e-01   6.6667949e-01
   1.4000000e-01   7.3999578e-01
   1.5000000e-01   7.9484818e-01
   1.6000000e-01   8.3667927e-01
   1.7000000e-01   8.6905056e-01
   1.8000000e-01   8.9439349e-01
   1.9000000e-01   9.1442376e-01
   2.0000000e-01   9.3037827e-01
   2.1000000e-01   9.4316830e-01
   2.2000000e-01   9.5347804e-01
   2.3000000e-01   9.6182601e-01
   2.4000000e-01   9.6861187e-01
   2.5000000e-01   9.7414608e-01
   2.6000000e-01   9.7867206e-01
   2.7000000e-01   9.8238232e-01
   2.8000000e-01   9.8543006e-01
   2.9000000e-01   9.8793788e-01
   3.0000000e-01   9.9000459e-01
   3.1000000e-01   1.0000000e+00
   3.2000000e-01   1.0000000e+00
   3.3000000e-01   1.0000000e+00
   3.4000000e-01   1.0000000e+00
   3.5000000e-01   1.0000000e+00
   3.6000000e-01   1.0000000e+00
   3.7000000e-01   1.0000000e+00
   3.8000000e-01   1.0000000e+00
   3.9000000e-01   1.0000000e+00
   4.0000000e-01   1.0000000e+00
   4.1000000e-01   1.0000000e+00
   4.2000000e-01   1.0000000e+00
   4.3000000e-01   1.0000000e+00
   4.4000000e-01   1.0000000e+00
   4.5000000e-01   1.0000000e+00
   4.6000000e-01   1.0000000e+00
   4.7000000e-01   1.0000000e+00
   4.8000000e-01   1.0000000e+00
   4.9000000e-01   1.0000000e+00
   5.0000000e-01   1.0000000e+00
   5.1000000e-01   1.0000000e+00
   5.2000000e-01   1.0000000e+00
   5.3000000e-01   1.0000000e+00
   5.4000000e-01   1.0000000e+00
   5.5000000e-01   1.0000000e+00
   5.6000000e-01   1.0000000e+00
   5.7000000e-01   1.0000000e+00
   5.8000000e-01   1.0000000e+00
   5.9000000e-01   1.0000000e+00
   6.0000000e-01   1.0000000e+00
   6.1000000e-01   1.0000000e+00
   6.2000000e-01   1.0000000e+00
   6.3000000e-01   1.0000000e+00
   6.4000000e-01   1.0000000e+00
   6.5000000e-01   1.0000000e+00
   6.6000000e-01   1.0000000e+00
   6.7000000e-01   1.0000000e+00
   6.8000000e-01   1.0000000e+00
   6.9000000e-01   1.0000000e+00
   7.0000000e-01   1.0000000e+00
   7.1000000e-01   1.0000000e+00
   7.2000000e-01   1.0000000e+00
   7.3000000e-01   1.0000000e+00
   7.4000000e-01   1.0000000e+00
   7.5000000e-01   1.0000000e+00
   7.6000000e-01   1.0000000e+00
   7.7000000e-01   1.0000000e+00
   7.8000000e-01   1.0000000e+00
   7.9000000e-01   1.0000000e+00
   8.0000000e-01   1.0000000e+00
   8.1000000e-01   1.0000000e+00
   8.2000000e-01   1.0000000e+00
   8.3000000e-01   1.0000000e+00
   8.4000000e-01   1.0000000e+00
   8.5000000e-01   1.0000000e+00
   8.6000000e-01   1.0000000e+00
   8.7000000e-01   1.0000000e+00
   8.8000000e-01   1.0000000e+00
   8.9000000e-01   1.0000000e+00
   9.0000000e-01   1.0000000e+00
   9.1000000e-01   1.0000000e+00
   9.2000000e-01   1.0000000e+00
   9.3000000e-01   1.0000000e+00
   9.4000000e-01   1.0000000e+00
   9.5000000e-01   1.0000000e+00
   9.6000000e-01   1.0000000e+00
   9.7000000e-01   1.0000000e+00
   9.8000000e-01   1.0000000e+00
   9.9000000e-01   1.0000000e+00
   1.0000000e+00   1.0000000e+00
   0.0000000e+00   1.0000000e-03
   1.0000000e-02   1.1299575e-03
   2.0000000e-02   1.2889748e-03
   3.0000000e-02   1.5050636e-03
   4.0000000e-02   1.8149474e-03
   5.0000000e-02   2.2772747e-03
   6.0000000e-02   3.0605877e-03
   7.0000000e-02   4.6354366e-03
   8.0000000e-02   9.4848334e-03
   9.0000000e-02   7.0585615e-02
   1.0000000e-01   3.3011640e-01
   1.1000000e-01   5.0548651e-01
   1.2000000e-01   6.2556788e-01
   1.3000000e-01   7.1141558e-01
   1.4000000e-01   7.7463195e-01
   1.5000000e-01   8.2221009e-01
   1.6000000e-01   8.5860881e-01
   1.7000000e-01   8.8682030e-01
   1.8000000e-01   9.0891974e-01
   1.9000000e-01   9.2638041e-01
   2.0000000e-01   9.4027423e-01
   2.1000000e-01   9.5139718e-01
   2.2000000e-01   9.6034545e-01
   2.3000000e-01   9.6757457e-01
   2.4000000e-01   9.7343648e-01
   2.5000000e-01   9.7820329e-01
   2.6000000e-01   9.8208978e-01
   2.7000000e-01   9.8526508e-01
   2.8000000e-01   9.8786435e-01
   2.9000000e-01   9.8999528e-01
   3.0000000e-01   9.9174461e-01
   3.1000000e-01   1.0000000e+00
   3.2000000e-01   1.0000000e+00
   3.3000000e-01   1.0000000e+00
   3.4000000e-01   1.0000000e+00
   3.5000000e-01   1.0000000e+00
   3.6000000e-01   1.0000000e+00
   3.7000000e-01   1.0000000e+00
   3.8000000e-01   1.0000000e+00
   3.9000000e-01   1.0000000e+00
   4.0000000e-01   1.0000000e+00
   4.1000000e-01   1.0000000e+00
   4.2000000e-01   1.0000000e+00
   4.3000000e-01   1.0000000e+00
   4.4000000e-01   1.0000000e+00
   4.5000000e-01   1.0000000e+00
   4.6000000e-01   1.0000000e+00
   4.7000000e-01   1.0000000e+00
   4.8000000e-01   1.0000000e+00
   4.9000000e-01   1.0000000e+00
   5.0000000e-01   1.0000000e+00
   5.1000000e-01   1.0000000e+00
   5.2000000e-01   1.0000000e+00
   5.3000000e-01   1.0000000e+00
   5.4000000e-01   1.0000000e+00
   5.5000000e-01   1.0000000e+00
   5.6000000e-01   1.0000000e+00
   5.7000000e-01   1.0000000e+00
   5.8000000e-01   1.0000000e+00
   5.9000000e-01   1.0000000e+00
   6.0000000e-01   1.0000000e+00
   6.1000000e-01   1.0000000e+00
   6.2000000e-01   1.0000000e+00
   6.3000000e-01   1.0000000e+00
   6.4000000e-01   1.0000000e+00
   6.5000000e-01   1.0000000e+00
   6.6000000e-01   1.0000000e+00
   6.7000000e-01   1.0000000e+00
   6.8000000e-01   1.0000000e+00
   6.9000000e-01   1.0000000e+00
   7.0000000e-01   1.0000000e+00
   7.1000000e-01   1.0000000e+00
   7.2000000e-01   1.0000000e+00
   7.3000000e-01   1.0000000e+00
   7.4000000e-01   1.0000000e+00
   7.5000000e-01   1.0000000e+00
   7.6000000e-01   1.0000000e+00
   7.7000000e-01   1.0000000e+00
   7.8000000e-01   1.0000000e+00
   7.9000000e-01   1.0000000e+00
   8.0000000e-01   1.0000000e+00
   8.1000000e-01   1.0000000e+00
   8.2000000e-01   1.0000000e+00
   8.3000000e-01   1.0000000e+00
   8.4000000e-01   1.0000000e+00
   8.5000000e-01   1.0000000e+00
   8.6000000e-01   1.0000000e+00
   8.7000000e-01   1.0000000e+00
   8.8000000e-01   1.0000000e+00
   8.9000000e-01   1.0000000e+00
   9.0000000e-01   1.0000000e+00
   9.1000000e-01   1.0000000e+00
   9.2000000e-01   1.0000000e+00
   9.3000000e-01   1.0000000e+00
   9.4000000e-01   1.0000000e+00
   9.5000000e-01   1.0000000e+00
   9.6000000e-01   1.0000000e+00
   9.7000000e-01   1.0000000e+00
   9.8000000e-01   1.0000000e+00
   9.9000000e-01   1.0000000e+00
   1.0000000e+00   1.0000000e+00
   0.0000000e+00   1.0000000e-03
   1.0000000e-02   1.1299701e-03
   2.0000000e-02   1.2889913e-03
   3.0000000e-02   1.5051159e-03
   4.0000000e-02   1.8150184e-03
   5.0000000e-02   2.2774225e-03
   6.0000000e-02   3.0610652e-03
   7.0000000e-02   4.6372883e-03
   8.0000000e-02   9.5037138e-03
   9.0000000e-02   7.3772758e-02
   1.0000000e-01   3.4471898e-01
   1.1000000e-01   5.1908020e-01
   1.2000000e-01   6.3680120e-01
   1.3000000e-01   7.2042194e-01
   1.4000000e-01   7.8179510e-01
   1.5000000e-01   8.2789565e-01
   1.6000000e-01   8.6312589e-01
   1.7000000e-01   8.9041421e-01
   1.8000000e-01   9.1178476e-01
   1.9000000e-01   9.2866754e-01
   2.0000000e-01   9.4210215e-01
   2.1000000e-01   9.5285904e-01
   2.2000000e-01   9.6151507e-01
   2.3000000e-01   9.6851076e-01
   2.4000000e-01   9.7418518e-01
   2.5000000e-01   9.7880180e-01
   2.6000000e-01   9.8256781e-01
   2.7000000e-01   9.8564660e-01
   2.8000000e-01   9.8816826e-01
   2.9000000e-01   9.9023705e-01
   3.0000000e-01   1.0000000e+00
   3.1000000e-01   1.0000000e+00
   3.2000000e-01   1.0000000e+00
   3.3000000e-01   1.0000000e+00
   3.4000000e-01   1.0000000e+00
   3.5000000e-01   1.0000000e+00
   3.6000000e-01   1.0000000e+00
   3.7000000e-01   1.0000000e+00
   3.8000000e-01   1.0000000e+00
   3.9000000e-01   1.0000000e+00
   4.0000000e-01   1.0000000e+00
   4.1000000e-01   1.0000000e+00
   4.2000000e-01   1.0000000e+00
   4.3000000e-01   1.0000000e+00
   4.4000000e-01   1.0000000e+00
   4.5000000e-01   1.0000000e+00
   4.6000000e-01   1.0000000e+00
   4.7000000e-01   1.0000000e+00
   4.8000000e-01   1.0000000e+00
   4.9000000e-01   1.0000000e+00
   5.0000000e-01   1.0000000e+00
   5.1000000e-01   1.0000000e+00
   5.2000000e-01   1.0000000e+00
   5.3000000e-01   1.0000000e+00
   5.4000000e-01   1.0000000e+00
   5.5000000e-01   1.0000000e+00
   5.6000000e-01   1.0000000e+00
   5.7000000e-01   1.0000000e+00
   5.8000000e-01   1.0000000e+00
   5.9000000e-01   1.0000000e+00
   6.0000000e-01   1.0000000e+00
   6.1000000e-01   1.0000000e+00
   6.2000000e-01   1.0000000e+00
   6.3000000e-01   1.0000000e+00
   6.4000000e-01   1.0000000e+00
   6.5000000e-01   1.0000000e+00
   6.6000000e-01   1.0000000e+00
   6.7000000e-01   1.0000000e+00
   6.8000000e-01   1.0000000e+00
   6.9000000e-01   1.0000000e+00
   7.0000000e-01   1.0000000e+00
   7.1000000e-01   1.0000000e+00
   7.2000000e-01   1.0000000e+00
   7.3000000e-01   1.0000000e+00
   7.4000000e-01   1.0000000e+00
   7.5000000e-01   1.0000000e+00
   7.6000000e-01   1.0000000e+00
   7.7000000e-01   1.0000000e+00
   7.8000000e-01   1.0000000e+00
   7.9000000e-01   1.0000000e+00
   8.0000000e-01   1.0000000e+00
   8.1000000e-01   1.0000000e+00
   8.2000000e-01   1.0000000e+00
   8.3000000e-01   1.0000000e+00
   8.4000000e-01   1.0000000e+00
   8.5000000e-01   1.0000000e+00
   8.6000000e-01   1.0000000e+00
   8.7000000e-01   1.0000000e+00
   8.8000000e-01   1.0000000e+00
   8.9000000e-01   1.0000000e+00
   9.0000000e-01   1.0000000e+00
   9.1000000e-01   1.0000000e+00
   9.2000000e-01   1.0000000e+00
   9.3000000e-01   1.0000000e+00
   9.4000000e-01   1.0000000e+00
   9.5000000e-01   1.0000000e+00
   9.6000000e-01   1.0000000e+00
   9.7000000e-01   1.0000000e+00
   9.8000000e-01   1.0000000e+00
   9.9000000e-01   1.0000000e+00
   1.0000000e+00   1.0000000e+00
   0.0000000e+00   1.0000000e-03
   1.0000000e-02   1.1474656e-03
   2.0000000e-02   1.3118623e-03
   3.0000000e-02   1.5594308e-03
   4.0000000e-02   1.9258029e-03
   5.0000000e-02   2.5404906e-03
   6.0000000e-02   3.6120480e-03
   7.0000000e-02   6.3046209e-03
   8.0000000e-02   2.2552916e-02
   9.0000000e-02   2.4091857e-01
   1.0000000e-01   4.5185492e-01
   1.1000000e-01   5.9191018e-01
   1.2000000e-01   6.8969082e-01
   1.3000000e-01   7.6039122e-01
   1.4000000e-01   8.1281067e-01
   1.5000000e-01   8.5241674e-01
   1.6000000e-01   8.8278648e-01
   1.7000000e-01   9.0635041e-01
   1.8000000e-01   9.2481073e-01
   1.9000000e-01   9.3938741e-01
   2.0000000e-01   9.5097382e-01
   2.1000000e-01   9.6023376e-01
   2.2000000e-01   9.6766833e-01
   2.3000000e-01   9.7366055e-01
   2.4000000e-01   9.7850615e-01
   2.5000000e-01   9.8243492e-01
   2.6000000e-01   9.8562786e-01
   2.7000000e-01   9.8822774e-01
   2.8000000e-01   9.9034810e-01
   2.9000000e-01   1.0000000e+00
   3.0000000e-01   1.0000000e+00
   3.1000000e-01   1.0000000e+00
   3.2000000e-01   1.0000000e+00
   3.3000000e-01   1.0000000e+00
   3.4000000e-01   1.0000000e+00
   3.5000000e-01   1.0000000e+00
   3.6000000e-01   1.0000000e+00
   3.7000000e-01   1.0000000e+00
   3.8000000e-01   1.0000000e+00
   3.9000000e-01   1.0000000e+00
   4.0000000e-01   1.0000000e+00
   4.1000000e-01   1.0000000e+00
   4.2000000e-01   1.0000000e+00
   4.3000000e-01   1.0000000e+00
   4.4000000e-01   1.0000000e+00
   4.5000000e-01   1.0000000e+00
   4.6000000e-01   1.0000000e+00
   4.7000000e-01   1.0000000e+00
   4.8000000e-01   1.0000000e+00
   4.9000000e-01   1.0000000e+00
   5.0000000e-01   1.0000000e+00
   5.1000000e-01   1.0000000e+00
   5.2000000e-01   1.0000000e+00
   5.3000000e-01   1.0000000e+00
   5.4000000e-01   1.0000000e+00
   5.5000000e-01   1.0000000e+00
   5.6000000e-01   1.0000000e+00
   5.7000000e-01   1.0000000e+00
   5.8000000e-01   1.0000000e+00
   5.9000000e-01   1.0000000e+00
   6.0000000e-01   1.0000000e+00
   6.1000000e-01   1.0000000e+00
   6.2000000e-01   1.0000000e+00
   6.3000000e-01   1.0000000e+00
   6.4000000e-01   1.0000000e+00
   6.5000000e-01   1.0000000e+00
   6.6000000e-01   1.0000000e+00
   6.7000000e-01   1.0000000e+00
   6.8000000e-01   1.0000000e+00
   6.9000000e-01   1.0000000e+00
   7.0000000e-01   1.0000000e+00
   7.1000000e-01   1.0000000e+00
   7.2000000e-01   1.0000000e+00
   7.3000000e-01   1.0000000e+00
   7.4000000e-01   1.0000000e+00
   7.5000000e-01   1.0000000e+00
   7.6000000e-01   1.0000000e+00
   7.7000000e-01   1.0000000e+00
   7.8000000e-01   1.0000000e+00
   7.9000000e-01   1.0000000e+00
   8.0000000e-01   1.0000000e+00
   8.1000000e-01   1.0000000e+00
   8.2000000e-01   1.0000000e+00
   8.3000000e-01   1.0000000e+00
   8.4000000e-01   1.0000000e+00
   8.5000000e-01   1.0000000e+00
   8.6000000e-01   1.0000000e+00
   8.7000000e-01   1.0000000e+00
   8.8000000e-01   1.0000000e+00
   8.9000000e-01   1.0000000e+00
   9.0000000e-01   1.0000000e+00
   9.1000000e-01   1.0000000e+00
   9.2000000e-01   1.0000000e+00
   9.3000000e-01   1.0000000e+00
   9.4000000e-01   1.0000000e+00
   9.5000000e-01   1.0000000e+00
   9.6000000e-01   1.0000000e+00
   9.7000000e-01   1.0000000e+00
   9.8000000e-01   1.0000000e+00
   9.9000000e-01   1.0000000e+00
   1.0000000e+00   1.0000000e+00
   0.0000000e+00   1.0000000e-03
   1.0000000e-02   1.1794890e-03
   2.0000000e-02   1.3354401e-03
   3.0000000e-02   1.6305644e-03
   4.0000000e-02   2.0879772e-03
   5.0000000e-02   2.8987908e-03
   6.0000000e-02   4.5775300e-03
   7.0000000e-02   1.0817416e-02
   8.0000000e-02   1.2794983e-01
   9.0000000e-02   3.7792923e-01
   1.0000000e-01   5.4317784e-01
   1.1000000e-01   6.5675107e-01
   1.2000000e-01   7.3767227e-01
   1.3000000e-01   7.9690893e-01
   1.4000000e-01   8.4116633e-01
   1.5000000e-01   8.7476952e-01
   1.6000000e-01   9.0061170e-01
   1.7000000e-01   9.2069717e-01
   1.8000000e-01   9.3644181e-01
   1.9000000e-01   9.4887256e-01
   2.0000000e-01   9.5874529e-01
   2.1000000e-01   9.6662615e-01
   2.2000000e-01   9.7294288e-01
   2.3000000e-01   9.7802379e-01
   2.4000000e-01   9.8212277e-01
   2.5000000e-01   9.8543762e-01
   2.6000000e-01   9.8812402e-01
   2.7000000e-01   9.9030487e-01
   2.8000000e-01   1.0000000e+00
   2.9000000e-01   1.0000000e+00
   3.0000000e-01   1.0000000e+00
   3.1000000e-01   1.0000000e+00
   3.2000000e-01   1.0000000e+00
   3.3000000e-01   1.0000000e+00
   3.4000000e-01   1.0000000e+00
   3.5000000e-01   1.0000000e+00
   3.6000000e-01   1.0000000e+00
   3.7000000e-01   1.0000000e+00
   3.8000000e-01   1.0000000e+00
   3.9000000e-01   1.0000000e+00
   4.0000000e-01   1.0000000e+00
   4.1000000e-01   1.0000000e+00
   4.2000000e-01   1.0000000e+00
   4.3000000e-01   1.0000000e+00
   4.4000000e-01   1.0000000e+00
   4.5000000e-01   1.0000000e+00
   4.6000000e-01   1.0000000e+00
   4.7000000e-01   1.0000000e+00
   4.8000000e-01   1.0000000e+00
   4.9000000e-01   1.0000000e+00
   5.0000000e-01   1.0000000e+00
   5.1000000e-01   1.0000000e+00
   5.2000000e-01   1.0000000e+00
   5.3000000e-01   1.0000000e+00
   5.4000000e-01   1.0000000e+00
   5.5000000e-01   1.0000000e+00
   5.6000000e-01   1.0000000e+00
   5.7000000e-01   1.0000000e+00
   5.8000000e-01   1.0000000e+00
   5.9000000e-01   1.0000000e+00
   6.0000000e-01   1.0000000e+00
   6.1000000e-01   1.0000000e+00
   6.2000000e-01   1.0000000e+00
   6.3000000e-01   1.0000000e+00
   6.4000000e-01   1.0000000e+00
   6.5000000e-01   1.0000000e+00
   6.6000000e-01   1.0000000e+00
   6.7000000e-01   1.0000000e+00
   6.8000000e-01   1.0000000e+00
   6.9000000e-01   1.0000000e+00
   7.0000000e-01   1.0000000e+00
   7.1000000e-01   1.0000000e+00
   7.2000000e-01   1.0000000e+00
   7.3000000e-01   1.0000000e+00
   7.4000000e-01   1.0000000e+00
   7.5000000e-01   1.0000000e+00
   7.6000000e-01   1.0000000e+00
   7.7000000e-01   1.0000000e+00
   7.8000000e-01   1.0000000e+00
   7.9000000e-01   1.0000000e+00
   8.0000000e-01   1.0000000e+00
   8.1000000e-01   1.0000000e+00
   8.2000000e-01   1.0000000e+00
   8.3000000e-01   1.0000000e+00
   8.4000000e-01   1.0000000e+00
   8.5000000e-01   1.0000000e+00
   8.6000000e-01   1.0000000e+00
   8.7000000e-01   1.0000000e+00
   8.8000000e-01   1.0000000e+00
   8.9000000e-01   1.0000000e+00
   9.0000000e-01   1.0000000e+00
   9.1000000e-01   1.0000000e+00
   9.2000000e-01   1.0000000e+00
   9.3000000e-01   1.0000000e+00
   9.4000000e-01   1.0000000e+00
   9.5000000e-01   1.0000000e+00
   9.6000000e-01   1.0000000e+00
   9.7000000e-01   1.0000000e+00
   9.8000000e-01   1.0000000e+00
   9.9000000e-01   1.0000000e+00
   1.0000000e+00   1.0000000e+00
   0.0000000e+00   1.0000000e-03
   1.0000000e-02   1.2552519e-03
   2.0000000e-02   1.3759206e-03
   3.0000000e-02   1.7330122e-03
   4.0000000e-02   2.3285746e-03
   5.0000000e-02   3.5059367e-03
   6.0000000e-02   6.7111447e-03
   7.0000000e-02   4.1437629e-02
   8.0000000e-02   2.9516886e-01
   9.0000000e-02   4.8852166e-01
   1.0000000e-01   6.2006031e-01
   1.1000000e-01   7.1256583e-01
   1.2000000e-01   7.7945619e-01
   1.3000000e-01   8.2888280e-01
   1.4000000e-01   8.6603579e-01
   1.5000000e-01   8.9435738e-01
   1.6000000e-01   9.1619173e-01
   1.7000000e-01   9.3318323e-01
   1.8000000e-01   9.4650926e-01
   1.9000000e-01   9.5702913e-01
   2.0000000e-01   9.6537913e-01
   2.1000000e-01   9.7203737e-01
   2.2000000e-01   9.7736721e-01
   2.3000000e-01   9.8164759e-01
   2.4000000e-01   9.8509470e-01
   2.5000000e-01   9.8787722e-01
   2.6000000e-01   9.9012780e-01
   2.7000000e-01   1.0000000e+00
   2.8000000e-01   1.0000000e+00
   2.9000000e-01   1.0000000e+00
   3.0000000e-01   1.0000000e+00
   3.1000000e-01   1.0000000e+00
   3.2000000e-01   1.0000000e+00
   3.3000000e-01   1.0000000e+00
   3.4000000e-01   1.0000000e+00
   3.5000000e-01   1.0000000e+00
   3.6000000e-01   1.0000000e+00
   3.7000000e-01   1.0000000e+00
   3.8000000e-01   1.0000000e+00
   3.9000000e-01   1.0000000e+00
   4.0000000e-01   1.0000000e+00
   4.1000000e-01   1.0000000e+00
   4.2000000e-01   1.0000000e+00
   4.3000000e-01   1.0000000e+00
   4.4000000e-01   1.0000000e+00
   4.5000000e-01   1.0000000e+00
   4.6000000e-01   1.0000000e+00
   4.7000000e-01   1.0000000e+00
   4.8000000e-01   1.0000000e+00
   4.9000000e-01   1.0000000e+00
   5.0000000e-01   1.0000000e+00
   5.1000000e-01   1.0000000e+00
   5.2000000e-01   1.0000000e+00
   5.3000000e-01   1.0000000e+00
   5.4000000e-01   1.0000000e+00
   5.5000000e-01   1.0000000e+00
   5.6000000e-01   1.0000000e+00
   5.7000000e-01   1.0000000e+00
   5.8000000e-01   1.0000000e+00
   5.9000000e-01   1.0000000e+00
   6.0000000e-01   1.0000000e+00
   6.1000000e-01   1.0000000e+00
   6.2000000e-01   1.0000000e+00
   6.3000000e-01   1.0000000e+00
   6.4000000e-01   1.0000000e+00
   6.5000000e-01   1.0000000e+00
   6.6000000e-01   1.0000000e+00
   6.7000000e-01   1.0000000e+00
   6.8000000e-01   1.0000000e+00
   6.9000000e-01   1.0000000e+00
   7.0000000e-01   1.0000000e+00
   7.1000000e-01   1.0000000e+00
   7.2000000e-01   1.0000000e+00
   7.3000000e-01   1.0000000e+00
   7.4000000e-01   1.0000000e+00
   7.5000000e-01   1.0000000e+00
   7.6000000e-01   1.0000000e+00
   7.7000000e-01   1.0000000e+00
   7.8000000e-01   1.0000000e+00
   7.9000000e-01   1.0000000e+00
   8.0000000e-01   1.0000000e+00
   8.1000000e-01   1.0000000e+00
   8.2000000e-01   1.0000000e+00
   8.3000000e-01   1.0000000e+00
   8.4000000e-01   1.0000000e+00
   8.5000000e-01   1.0000000e+00
   8.6000000e-01   1.0000000e+00
   8.7000000e-01   1.0000000e+00
   8.8000000e-01   1.0000000e+00
   8.9000000e-01   1.0000000e+00
   9.0000000e-01   1.0000000e+00
   9.1000000e-01   1.0000000e+00
   9.2000000e-01   1.0000000e+00
   9.3000000e-01   1.0000000e+00
   9.4000000e-01   1.0000000e+00
   9.5000000e-01   1.0000000e+00
   9.6000000e-01   1.0000000e+00
   9.7000000e-01   1.0000000e+00
   9.8000000e-01   1.0000000e+00
   9.9000000e-01   1.0000000e+00
   1.0000000e+00   1.0000000e+00
   0.0000000e+00   1.0000000e-03
   1.0000000e-02   1.2689934e-03
   2.0000000e-02   1.4317721e-03
   3.0000000e-02   1.8457480e-03
   4.0000000e-02   2.6110632e-03
   5.0000000e-02   4.3640108e-03
   6.0000000e-02   1.1969033e-02
   7.0000000e-02   1.7153560e-01
   8.0000000e-02   4.0680172e-01
   9.0000000e-02   5.6544644e-01
   1.0000000e-01   6.7514560e-01
   1.1000000e-01   7.5324839e-01
   1.2000000e-01   8.1019422e-01
   1.3000000e-01   8.5250725e-01
   1.4000000e-01   8.8443629e-01
   1.5000000e-01   9.0883666e-01
   1.6000000e-01   9.2767713e-01
   1.7000000e-01   9.4235291e-01
   1.8000000e-01   9.5386743e-01
   1.9000000e-01   9.6295714e-01
   2.0000000e-01   9.7016978e-01
   2.1000000e-01   9.7591821e-01
   2.2000000e-01   9.8051663e-01
   2.3000000e-01   9.8420685e-01
   2.4000000e-01   9.8717624e-01
   2.5000000e-01   9.8957117e-01
   2.6000000e-01   9.9150670e-01
   2.7000000e-01   1.0000000e+00
   2.8000000e-01   1.0000000e+00
   2.9000000e-01   1.0000000e+00
   3.0000000e-01   1.0000000e+00
   3.1000000e-01   1.0000000e+00
   3.2000000e-01   1.0000000e+00
   3.3000000e-01   1.0000000e+00
   3.4000000e-01   1.0000000e+00
   3.5000000e-01   1.0000000e+00
   3.6000000e-01   1.0000000e+00
   3.7000000e-01   1.0000000e+00
   3.8000000e-01   1.0000000e+00
   3.9000000e-01   1.0000000e+00
   4.0000000e-01   1.0000000e+00
   4.1000000e-01   1.0000000e+00
   4.2000000e-01   1.0000000e+00
   4.3000000e-01   1.0000000e+00
   4.4000000e-01   1.0000000e+00
   4.5000000e-01   1.0000000e+00
   4.6000000e-01   1.0000000e+00
   4.7000000e-01   1.0000000e+00
   4.8000000e-01   1.0000000e+00
   4.9000000e-01   1.0000000e+00
   5.0000000e-01   1.0000000e+00
   5.1000000e-01   1.0000000e+00
   5.2000000e-01   1.0000000e+00
   5.3000000e-01   1.0000000e+00
   5.4000000e-01   1.0000000e+00
   5.5000000e-01   1.0000000e+00
   5.6000000e-01   1.0000000e+00
   5.7000000e-01   1.0000000e+00
   5.8000000e-01   1.0000000e+00
   5.9000000e-01   1.0000000e+00
   6.0000000e-01   1.0000000e+00
   6.1000000e-01   1.0000000e+00
   6.2000000e-01   1.0000000e+00
   6.3000000e-01   1.0000000e+00
   6.4000000e-01   1.0000000e+00
   6.5000000e-01   1.0000000e+00
   6.6000000e-01   1.0000000e+00
   6.7000000e-01   1.0000000e+00
   6.8000000e-01   1.0000000e+00
   6.9000000e-01   1.0000000e+00
   7.0000000e-01   1.0000000e+00
   7.1000000e-01   1.0000000e+00
   7.2000000e-01   1.0000000e+00
   7.3000000e-01   1.0000000e+00
   7.4000000e-01   1.0000000e+00
   7.5000000e-01   1.0000000e+00
   7.6000000e-01   1.0000000e+00
   7.7000000e-01   1.0000000e+00
   7.8000000e-01   1.0000000e+00
   7.9000000e-01   1.0000000e+00
   8.0000000e-01   1.0000000e+00
   8.1000000e-01   1.0000000e+00
   8.2000000e-01   1.0000000e+00
   8.3000000e-01   1.0000000e+00
   8.4000000e-01   1.0000000e+00
   8.5000000e-01   1.0000000e+00
   8.6000000e-01   1.0000000e+00
   8.7000000e-01   1.0000000e+00
   8.8000000e-01   1.0000000e+00
   8.9000000e-01   1.0000000e+00
   9.0000000e-01   1.0000000e+00
   9.1000000e-01   1.0000000e+00
   9.2000000e-01   1.0000000e+00
   9.3000000e-01   1.0000000e+00
   9.4000000e-01   1.0000000e+00
   9.5000000e-01   1.0000000e+00
   9.6000000e-01   1.0000000e+00
   9.7000000e-01   1.0000000e+00
   9.8000000e-01   1.0000000e+00
   9.9000000e-01   1.0000000e+00
   1.0000000e+00   1.0000000e+00
   0.0000000e+00   1.0000000e-03
   1.0000000e-02   1.2587483e-03
   2.0000000e-02   1.4948003e-03
   3.0000000e-02   1.9891082e-03
   4.0000000e-02   2.9648201e-03
   5.0000000e-02   5.7286785e-03
   6.0000000e-02   3.6407010e-02
   7.0000000e-02   2.9274678e-01
   8.0000000e-02   4.9041916e-01
   9.0000000e-02   6.2439722e-01
   1.0000000e-01   7.1798425e-01
   1.1000000e-01   7.8512894e-01
   1.2000000e-01   8.3435337e-01
   1.3000000e-01   8.7107475e-01
   1.4000000e-01   8.9886507e-01
   1.5000000e-01   9.2014588e-01
   1.6000000e-01   9.3660297e-01
   1.7000000e-01   9.4943514e-01
   1.8000000e-01   9.5951078e-01
   1.9000000e-01   9.6746849e-01
   2.0000000e-01   9.7378509e-01
   2.1000000e-01   9.7882067e-01
   2.2000000e-01   9.8284969e-01
   2.3000000e-01   9.8608363e-01
   2.4000000e-01   9.8868653e-01
   2.5000000e-01   9.9078657e-01
   2.6000000e-01   1.0000000e+00
   2.7000000e-01   1.0000000e+00
   2.8000000e-01   1.0000000e+00
   2.9000000e-01   1.0000000e+00
   3.0000000e-01   1.0000000e+00
   3.1000000e-01   1.0000000e+00
   3.2000000e-01   1.0000000e+00
   3.3000000e-01   1.0000000e+00
   3.4000000e-01   1.0000000e+00
   3.5000000e-01   1.0000000e+00
   3.6000000e-01   1.0000000e+00
   3.7000000e-01   1.0000000e+00
   3.8000000e-01   1.0000000e+00
   3.9000000e-01   1.0000000e+00
   4.0000000e-01   1.0000000e+00
   4.1000000e-01   1.0000000e+00
   4.2000000e-01   1.0000000e+00
   4.3000000e-01   1.0000000e+00
   4.4000000e-01   1.0000000e+00
   4.5000000e-01   1.0000000e+00
   4.6000000e-01   1.0000000e+00
   4.7000000e-01   1.0000000e+00
   4.8000000e-01   1.0000000e+00
   4.9000000e-01   1.0000000e+00
   5.0000000e-01   1.0000000e+00
   5.1000000e-01   1.0000000e+00
   5.2000000e-01   1.0000000e+00
   5.3000000e-01   1.0000000e+00
   5.4000000e-01   1.0000000e+00
   5.5000000e-01   1.0000000e+00
   5.6000000e-01   1.0000000e+00
   5.7000000e-01   1.0000000e+00
   5.8000000e-01   1.0000000e+00
   5.9000000e-01   1.0000000e+00
   6.0000000e-01   1.0000000e+00
   6.1000000e-01   1.0000000e+00
   6.2000000e-01   1.0000000e+00
   6.3000000e-01   1.0000000e+00
   6.4000000e-01   1.0000000e+00
   6.5000000e-01   1.0000000e+00
   6.6000000e-01   1.0000000e+00
   6.7000000e-01   1.0000000e+00
   6.8000000e-01   1.0000000e+00
   6.9000000e-01   1.0000000e+00
   7.0000000e-01   1.0000000e+00
   7.1000000e-01   1.0000000e+00
   7.2000000e-01   1.0000000e+00
   7.3000000e-01   1.0000000e+00
   7.4000000e-01   1.0000000e+00
   7.5000000e-01   1.0000000e+00
   7.6000000e-01   1.0000000e+00
   7.7000000e-01   1.0000000e+00
   7.8000000e-01   1.0000000e+00
   7.9000000e-01   1.0000000e+00
   8.0000000e-01   1.0000000e+00
   8.1000000e-01   1.0000000e+00
   8.2000000e-01   1.0000000e+00
   8.3000000e-01   1.0000000e+00
   8.4000000e-01   1.0000000e+00
   8.5000000e-01   1.0000000e+00
   8.6000000e-01   1.0000000e+00
   8.7000000e-01   1.0000000e+00
   8.8000000e-01   1.0000000e+00
   8.9000000e-01   1.0000000e+00
   9.0000000e-01   1.0000000e+00
   9.1000000e-01   1.0000000e+00
   9.2000000e-01   1.0000000e+00
   9.3000000e-01   1.0000000e+00
   9.4000000e-01   1.0000000e+00
   9.5000000e-01   1.0000000e+00
   9.6000000e-01   1.0000000e+00
   9.7000000e-01   1.0000000e+00
   9.8000000e-01   1.0000000e+00
   9.9000000e-01   1.0000000e+00
   1.0000000e+00   1.0000000e+00
   0.0000000e+00   1.0000000e-03
   1.0000000e-02   1.2408872e-03
   2.0000000e-02   1.5799727e-03
   3.0000000e-02   2.2137970e-03
   4.0000000e-02   3.6676359e-03
   5.0000000e-02   1.0396444e-02
   6.0000000e-02   1.7878596e-01
   7.0000000e-02   4.1820242e-01
   8.0000000e-02   5.7754460e-01
   9.0000000e-02   6.8653217e-01
   1.0000000e-01   7.6338328e-01
   1.1000000e-01   8.1893834e-01
   1.2000000e-01   8.5990897e-01
   1.3000000e-01   8.9062152e-01
   1.4000000e-01   9.1395602e-01
   1.5000000e-01   9.3188361e-01
   1.6000000e-01   9.4578671e-01
   1.7000000e-01   9.5665421e-01
   1.8000000e-01   9.6520605e-01
   1.9000000e-01   9.7197431e-01
   2.0000000e-01   9.7735741e-01
   2.1000000e-01   9.8165704e-01
   2.2000000e-01   9.8510404e-01
   2.3000000e-01   9.8787643e-01
   2.4000000e-01   9.9011260e-01
   2.5000000e-01   1.0000000e+00
   2.6000000e-01   1.0000000e+00
   2.7000000e-01   1.0000000e+00
   2.8000000e-01   1.0000000e+00
   2.9000000e-01   1.0000000e+00
   3.0000000e-01   1.0000000e+00
   3.1000000e-01   1.0000000e+00
   3.2000000e-01   1.0000000e+00
   3.3000000e-01   1.0000000e+00
   3.4000000e-01   1.0000000e+00
   3.5000000e-01   1.0000000e+00
   3.6000000e-01   1.0000000e+00
   3.7000000e-01   1.0000000e+00
   3.8000000e-01   1.0000000e+00
   3.9000000e-01   1.0000000e+00
   4.0000000e-01   1.0000000e+00
   4.1000000e-01   1.0000000e+00
   4.2000000e-01   1.0000000e+00
   4.3000000e-01   1.0000000e+00
   4.4000000e-01   1.0000000e+00
   4.5000000e-01   1.0000000e+00
   4.6000000e-01   1.0000000e+00
   4.7000000e-01   1.0000000e+00
   4.8000000e-01   1.0000000e+00
   4.9000000e-01   1.0000000e+00
   5.0000000e-01   1.0000000e+00
   5.1000000e-01   1.0000000e+00
   5.2000000e-01   1.0000000e+00
   5.3000000e-01   1.0000000e+00
   5.4000000e-01   1.0000000e+00
   5.5000000e-01   1.0000000e+00
   5.6000000e-01   1.0000000e+00
   5.7000000e-01   1.0000000e+00
   5.8000000e-01   1.0000000e+00
   5.9000000e-01   1.0000000e+00
   6.0000000e-01   1.0000000e+00
   6.1000000e-01   1.0000000e+00
   6.2000000e-01   1.0000000e+00
   6.3000000e-01   1.0000000e+00
   6.4000000e-01   1.0000000e+00
   6.5000000e-01   1.0000000e+00
   6.6000000e-01   1.0000000e+00
   6.7000000e-01   1.0000000e+00
   6.8000000e-01   1.0000000e+00
   6.9000000e-01   1.0000000e+00
   7.0000000e-01   1.0000000e+00
   7.1000000e-01   1.0000000e+00
   7.2000000e-01   1.0000000e+00
   7.3000000e-01   1.0000000e+00
   7.4000000e-01   1.0000000e+00
   7.5000000e-01   1.0000000e+00
   7.6000000e-01   1.0000000e+00
   7.7000000e-01   1.0000000e+00
   7.8000000e-01   1.0000000e+00
   7.9000000e-01   1.0000000e+00
   8.0000000e-01   1.0000000e+00
   8.1000000e-01   1.0000000e+00
   8.2000000e-01   1.0000000e+00
   8.3000000e-01   1.0000000e+00
   8.4000000e-01   1.0000000e+00
   8.5000000e-01   1.0000000e+00
   8.6000000e-01   1.0000000e+00
   8.7000000e-01   1.0000000e+00
   8.8000000e-01   1.0000000e+00
   8.9000000e-01   1.0000000e+00
   9.0000000e-01   1.0000000e+00
   9.1000000e-01   1.0000000e+00
   9.2000000e-01   1.0000000e+00
   9.3000000e-01   1.0000000e+00
   9.4000000e-01   1.0000000e+00
   9.5000000e-01   1.0000000e+00
   9.6000000e-01   1.0000000e+00
   9.7000000e-01   1.0000000e+00
   9.8000000e-01   1.0000000e+00
   9.9000000e-01   1.0000000e+00
   1.0000000e+00   1.0000000e+00
   0.0000000e+00   1.0000000e-03
   1.0000000e-02   1.2417962e-03
   2.0000000e-02   1.6292533e-03
   3.0000000e-02   2.3711312e-03
   4.0000000e-02   4.3205030e-03
   5.0000000e-02   2.0581853e-02
   6.0000000e-02   2.6579949e-01
   7.0000000e-02   4.7741043e-01
   8.0000000e-02   6.1824999e-01
   9.0000000e-02   7.1523479e-01
   1.0000000e-01   7.8404842e-01
   1.1000000e-01   8.3406131e-01
   1.2000000e-01   8.7112092e-01
   1.3000000e-01   8.9901934e-01
   1.4000000e-01   9.2029692e-01
   1.5000000e-01   9.3670201e-01
   1.6000000e-01   9.4946638e-01
   1.7000000e-01   9.5947497e-01
   1.8000000e-01   9.6737457e-01
   1.9000000e-01   9.7364481e-01
   2.0000000e-01   9.7864602e-01
   2.1000000e-01   9.8265187e-01
   2.2000000e-01   9.8587228e-01
   2.3000000e-01   9.8846960e-01
   2.4000000e-01   9.9057039e-01
   2.5000000e-01   1.0000000e+00
   2.6000000e-01   1.0000000e+00
   2.7000000e-01   1.0000000e+00
   2.8000000e-01   1.0000000e+00
   2.9000000e-01   1.0000000e+00
   3.0000000e-01   1.0000000e+00
   3.1000000e-01   1.0000000e+00
   3.2000000e-01   1.0000000e+00
   3.3000000e-01   1.0000000e+00
   3.4000000e-01   1.0000000e+00
   3.5000000e-01   1.0000000e+00
   3.6000000e-01   1.0000000e+00
   3.7000000e-01   1.0000000e+00
   3.8000000e-01   1.0000000e+00
   3.9000000e-01   1.0000000e+00
   4.0000000e-01   1.0000000e+00
   4.1000000e-01   1.0000000e+00
   4.2000000e-01   1.0000000e+00
   4.3000000e-01   1.0000000e+00
   4.4000000e-01   1.0000000e+00
   4.5000000e-01   1.0000000e+00
   4.6000000e-01   1.0000000e+00
   4.7000000e-01   1.0000000e+00
   4.8000000e-01   1.0000000e+00
   4.9000000e-01   1.0000000e+00
   5.0000000e-01   1.0000000e+00
   5.1000000e-01   1.0000000e+00
   5.2000000e-01   1.0000000e+00
   5.3000000e-01   1.0000000e+00
   5.4000000e-01   1.0000000e+00
   5.5000000e-01   1.0000000e+00
   5.6000000e-01   1.0000000e+00
   5.7000000e-01   1.0000000e+00
   5.8000000e-01   1.0000000e+00
   5.9000000e-01   1.0000000e+00
   6.0000000e-01   1.0000000e+00
   6.1000000e-01   1.0000000e+00
   6.2000000e-01   1.0000000e+00
   6.3000000e-01   1.0000000e+00
   6.4000000e-01   1.0000000e+00
   6.5000000e-01   1.0000000e+00
   6.6000000e-01   1.0000000e+00
   6.7000000e-01   1.0000000e+00
   6.8000000e-01   1.0000000e+00
   6.9000000e-01   1.0000000e+00
   7.0000000e-01   1.0000000e+00
   7.1000000e-01   1.0000000e+00
   7.2000000e-01   1.0000000e+00
   7.3000000e-01   1.0000000e+00
   7.4000000e-01   1.0000000e+00
   7.5000000e-01   1.0000000e+00
   7.6000000e-01   1.0000000e+00
   7.7000000e-01   1.0000000e+00
   7.8000000e-01   1.0000000e+00
   7.9000000e-01   1.0000000e+00
   8.0000000e-01   1.0000000e+00
   8.1000000e-01   1.0000000e+00
   8.2000000e-01   1.0000000e+00
   8.3000000e-01   1.0000000e+00
   8.4000000e-01   1.0000000e+00
   8.5000000e-01   1.0000000e+00
   8.6000000e-01   1.0000000e+00
   8.7000000e-01   1.0000000e+00
   8.8000000e-01   1.0000000e+00
   8.9000000e-01   1.0000000e+00
   9.0000000e-01   1.0000000e+00
   9.1000000e-01   1.0000000e+00
   9.2000000e-01   1.0000000e+00
   9.3000000e-01   1.0000000e+00
   9.4000000e-01   1.0000000e+00
   9.5000000e-01   1.0000000e+00
   9.6000000e-01   1.0000000e+00
   9.7000000e-01   1.0000000e+00
   9.8000000e-01   1.0000000e+00
   9.9000000e-01   1.0000000e+00
   1.0000000e+00   1.0000000e+00
   0.0000000e+00   1.0000000e-03
   1.0000000e-02   1.2468123e-03
   2.0000000e-02   1.6550889e-03
   3.0000000e-02   2.4596887e-03
   4.0000000e-02   4.7691321e-03
   5.0000000e-02   3.5452574e-02
   6.0000000e-02   3.0419392e-01
   7.0000000e-02   5.0232703e-01
   8.0000000e-02   6.3479387e-01
   9.0000000e-02   7.2650416e-01
   1.0000000e-01   7.9188528e-01
   1.1000000e-01   8.3960073e-01
   1.2000000e-01   8.7508728e-01
   1.3000000e-01   9.0188866e-01
   1.4000000e-01   9.2238950e-01
   1.5000000e-01   9.3823793e-01
   1.6000000e-01   9.5059935e-01
   1.7000000e-01   9.6031391e-01
   1.8000000e-01   9.6799755e-01
   1.9000000e-01   9.7410837e-01
   2.0000000e-01   9.7899141e-01
   2.1000000e-01   9.8290942e-01
   2.2000000e-01   9.8606437e-01
   2.3000000e-01   9.8861285e-01
   2.4000000e-01   9.9067716e-01
   2.5000000e-01   1.0000000e+00
   2.6000000e-01   1.0000000e+00
   2.7000000e-01   1.0000000e+00
   2.8000000e-01   1.0000000e+00
   2.9000000e-01   1.0000000e+00
   3.0000000e-01   1.0000000e+00
   3.1000000e-01   1.0000000e+00
   3.2000000e-01   1.0000000e+00
   3.3000000e-01   1.0000000e+00
   3.4000000e-01   1.0000000e+00
   3.5000000e-01   1.0000000e+00
   3.6000000e-01   1.0000000e+00
   3.7000000e-01   1.0000000e+00
   3.8000000e-01   1.0000000e+00
   3.9000000e-01   1.0000000e+00
   4.0000000e-01   1.0000000e+00
   4.1000000e-01   1.0000000e+00
   4.2000000e-01   1.0000000e+00
   4.3000000e-01   1.0000000e+00
   4.4000000e-01   1.0000000e+00
   4.5000000e-01   1.0000000e+00
   4.6000000e-01   1.0000000e+00
   4.7000000e-01   1.0000000e+00
   4.8000000e-01   1.0000000e+00
   4.9000000e-01   1.0000000e+00
   5.0000000e-01   1.0000000e+00
   5.1000000e-01   1.0000000e+00
   5.2000000e-01   1.0000000e+00
   5.3000000e-01   1.0000000e+00
   5.4000000e-01   1.0000000e+00
   5.5000000e-01   1.0000000e+00
   5.6000000e-01   1.0000000e+00
   5.7000000e-01   1.0000000e+00
   5.8000000e-01   1.0000000e+00
   5.9000000e-01   1.0000000e+00
   6.0000000e-01   1.0000000e+00
   6.1000000e-01   1.0000000e+00
   6.2000000e-01   1.0000000e+00
   6.3000000e-01   1.0000000e+00
   6.4000000e-01   1.0000000e+00
   6.5000000e-01   1.0000000e+00
   6.6000000e-01   1.0000000e+00
   6.7000000e-01   1.0000000e+00
   6.8000000e-01   1.0000000e+00
   6.9000000e-01   1.0000000e+00
   7.0000000e-01   1.0000000e+00
   7.1000000e-01   1.0000000e+00
   7.2000000e-01   1.0000000e+00
   7.3000000e-01   1.0000000e+00
   7.4000000e-01   1.0000000e+00
   7.5000000e-01   1.0000000e+00
   7.6000000e-01   1.0000000e+00
   7.7000000e-01   1.0000000e+00
   7.8000000e-01   1.0000000e+00
   7.9000000e-01   1.0000000e+00
   8.0000000e-01   1.0000000e+00
   8.1000000e-01   1.0000000e+00
   8.2000000e-01   1.0000000e+00
   8.3000000e-01   1.0000000e+00
   8.4000000e-01   1.0000000e+00
   8.5000000e-01   1.0000000e+00
   8.6000000e-01   1.0000000e+00
   8.7000000e-01   1.0000000e+00
   8.8000000e-01   1.0000000e+00
   8.9000000e-01   1.0000000e+00
   9.0000000e-01   1.0000000e+00
   9.1000000e-01   1.0000000e+00
   9.2000000e-01   1.0000000e+00
   9.3000000e-01   1.0000000e+00
   9.4000000e-01   1.0000000e+00
   9.5000000e-01   1.0000000e+00
   9.6000000e-01   1.0000000e+00
   9.7000000e-01   1.0000000e+00
   9.8000000e-01   1.0000000e+00
   9.9000000e-01   1.0000000e+00
   1.0000000e+00   1.0000000e+00
   0.0000000e+00   1.0000000e-03
   1.0000000e-02   1.2471363e-03
   2.0000000e-02   1.6563744e-03
   3.0000000e-02   2.4643306e-03
   4.0000000e-02   4.7941371e-03
   5.0000000e-02   3.6538444e-02
   6.0000000e-02   3.0589524e-01
   7.0000000e-02   5.0335828e-01
   8.0000000e-02   6.3543827e-01
   9.0000000e-02   7.2691903e-01
   1.0000000e-01   7.9215887e-01
   1.1000000e-01   8.3978460e-01
   1.2000000e-01   8.7521272e-01
   1.3000000e-01   9.0197529e-01
   1.4000000e-01   9.2244988e-01
   1.5000000e-01   9.3828034e-01
   1.6000000e-01   9.5062930e-01
   1.7000000e-01   9.6033516e-01
   1.8000000e-01   9.6801267e-01
   1.9000000e-01   9.7411915e-01
   2.0000000e-01   9.7899911e-01
   2.1000000e-01   9.8291492e-01
   2.2000000e-01   9.8606830e-01
   2.3000000e-01   9.8861566e-01
   2.4000000e-01   9.9067916e-01
   2.5000000e-01   1.0000000e+00
   2.6000000e-01   1.0000000e+00
   2.7000000e-01   1.0000000e+00
   2.8000000e-01   1.0000000e+00
   2.9000000e-01   1.0000000e+00
   3.0000000e-01   1.0000000e+00
   3.1000000e-01   1.0000000e+00
   3.2000000e-01   1.0000000e+00
   3.3000000e-01   1.0000000e+00
   3.4000000e-01   1.0000000e+00
   3.5000000e-01   1.0000000e+00
   3.6000000e-01   1.0000000e+00
   3.7000000e-01   1.0000000e+00
   3.8000000e-01   1.0000000e+00
   3.9000000e-01   1.0000000e+00
   4.0000000e-01   1.0000000e+00
   4.1000000e-01   1.0000000e+00
   4.2000000e-01   1.0000000e+00
   4.3000000e-01   1.0000000e+00
   4.4000000e-01   1.0000000e+00
   4.5000000e-01   1.0000000e+00
   4.6000000e-01   1.0000000e+00
   4.7000000e-01   1.0000000e+00
   4.8000000e-01   1.0000000e+00
   4.9000000e-01   1.0000000e+00
   5.0000000e-01   1.0000000e+00
   5.1000000e-01   1.0000000e+00
   5.2000000e-01   1.0000000e+00
   5.3000000e-01   1.0000000e+00
   5.4000000e-01   1.0000000e+00
   5.5000000e-01   1.0000000e+00
   5.6000000e-01   1.0000000e+00
   5.7000000e-01   1.0000000e+00
   5.8000000e-01   1.0000000e+00
   5.9000000e-01   1.0000000e+00
   6.0000000e-01   1.0000000e+00
   6.1000000e-01   1.0000000e+00
   6.2000000e-01   1.0000000e+00
   6.3000000e-01   1.0000000e+00
   6.4000000e-01   1.0000000e+00
   6.5000000e-01   1.0000000e+00
   6.6000000e-01   1.0000000e+00
   6.7000000e-01   1.0000000e+00
   6.8000000e-01   1.0000000e+00
   6.9000000e-01   1.0000000e+00
   7.0000000e-01   1.0000000e+00
   7.1000000e-01   1.0000000e+00
   7.2000000e-01   1.0000000e+00
   7.3000000e-01   1.0000000e+00
   7.4000000e-01   1.0000000e+00
   7.5000000e-01   1.0000000e+00
   7.6000000e-01   1.0000000e+00
   7.7000000e-01   1.0000000e+00
   7.8000000e-01   1.0000000e+00
   7.9000000e-01   1.0000000e+00
   8.0000000e-01   1.0000000e+00
   8.1000000e-01   1.0000000e+00
   8.2000000e-01   1.0000000e+00
   8.3000000e-01   1.0000000e+00
   8.4000000e-01   1.0000000e+00
   8.5000000e-01   1.0000000e+00
   8.6000000e-01   1.0000000e+00
   8.7000000e-01   1.0000000e+00
   8.8000000e-01   1.0000000e+00
   8.9000000e-01   1.0000000e+00
   9.0000000e-01   1.0000000e+00
   9.1000000e-01   1.0000000e+00
   9.2000000e-01   1.0000000e+00
   9.3000000e-01   1.0000000e+00
   9.4000000e-01   1.0000000e+00
   9.5000000e-01   1.0000000e+00
   9.6000000e-01   1.0000000e+00
   9.7000000e-01   1.0000000e+00
   9.8000000e-01   1.0000000e+00
   9.9000000e-01   1.0000000e+00
   1.0000000e+00   1.0000000e+00
   0.0000000e+00   1.0000000e-03
   1.0000000e-02   1.2471363e-03
   2.0000000e-02   1.6563744e-03
   3.0000000e-02   2.4643306e-03
   4.0000000e-02   4.7941371e-03
   5.0000000e-02   3.6538444e-02
   6.0000000e-02   3.0589524e-01
   7.0000000e-02   5.0335828e-01
   8.0000000e-02   6.3543827e-01
   9.0000000e-02   7.2691903e-01
   1.0000000e-01   7.9215887e-01
   1.1000000e-01   8.3978460e-01
   1.2000000e-01   8.7521272e-01
   1.3000000e-01   9.0197529e-01
   1.4000000e-01   9.2244988e-01
   1.5000000e-01   9.3828034e-01
   1.6000000e-01   9.5062930e-01
   1.7000000e-01   9.6033516e-01
   1.8000000e-01   9.6801267e-01
   1.9000000e-01   9.7411915e-01
   2.0000000e-01   9.7899911e-01
   2.1000000e-01   9.8291492e-01
   2.2000000e-01   9.8606830e-01
   2.3000000e-01   9.8861566e-01
   2.4000000e-01   9.9067916e-01
   2.5000000e-01   1.0000000e+00
   2.6000000e-01   1.0000000e+00
   2.7000000e-01   1.0000000e+00
   2.8000000e-01   1.0000000e+00
   2.9000000e-01   1.0000000e+00
   3.0000000e-01   1.0000000e+00
   3.1000000e-01   1.0000000e+00
   3.2000000e-01   1.0000000e+00
   3.3000000e-01   1.0000000e+00
   3.4000000e-01   1.0000000e+00
   3.5000000e-01   1.0000000e+00
   3.6000000e-01   1.0000000e+00
   3.7000000e-01   1.0000000e+00
   3.8000000e-01   1.0000000e+00
   3.9000000e-01   1.0000000e+00
   4.0000000e-01   1.0000000e+00
   4.1000000e-01   1.0000000e+00
   4.2000000e-01   1.0000000e+00
   4.3000000e-01   1.0000000e+00
   4.4000000e-01   1.0000000e+00
   4.5000000e-01   1.0000000e+00
   4.6000000e-01   1.0000000e+00
   4.7000000e-01   1.0000000e+00
   4.8000000e-01   1.0000000e+00
   4.9000000e-01   1.0000000e+00
   5.0000000e-01   1.0000000e+00
   5.1000000e-01   1.0000000e+00
   5.2000000e-01   1.0000000e+00
   5.3000000e-01   1.0000000e+00
   5.4000000e-01   1.0000000e+00
   5.5000000e-01   1.0000000e+00
   5.6000000e-01   1.0000000e+00
   5.7000000e-01   1.0000000e+00
   5.8000000e-01   1.0000000e+00
   5.9000000e-01   1.0000000e+00
   6.0000000e-01   1.0000000e+00
   6.1000000e-01   1.0000000e+00
   6.2000000e-01   1.0000000e+00
   6.3000000e-01   1.0000000e+00
   6.4000000e-01   1.0000000e+00
   6.5000000e-01   1.0000000e+00
   6.6000000e-01   1.0000000e+00
   6.7000000e-01   1.0000000e+00
   6.8000000e-01   1.0000000e+00
   6.9000000e-01   1.0000000e+00
   7.0000000e-01   1.0000000e+00
   7.1000000e-01   1.0000000e+00
   7.2000000e-01   1.0000000e+00
   7.3000000e-01   1.0000000e+00
   7.4000000e-01   1.0000000e+00
   7.5000000e-01   1.0000000e+00
   7.6000000e-01   1.0000000e+00
   7.7000000e-01   1.0000000e+00
   7.8000000e-01   1.0000000e+00
   7.9000000e-01   1.0000000e+00
   8.0000000e-01   1.0000000e+00
   8.1000000e-01   1.0000000e+00
   8.2000000e-01   1.0000000e+00
   8.3000000e-01   1.0000000e+00
   8.4000000e-01   1.0000000e+00
   8.5000000e-01   1.0000000e+00
   8.6000000e-01   1.0000000e+00
   8.7000000e-01   1.0000000e+00
   8.8000000e-01   1.0000000e+00
   8.9000000e-01   1.0000000e+00
   9.0000000e-01   1.0000000e+00
   9.1000000e-01   1.0000000e+00
   9.2000000e-01   1.0000000e+00
   9.3000000e-01   1.0000000e+00
   9.4000000e-01   1.0000000e+00
   9.5000000e-01   1.0000000e+00
   9.6000000e-01   1.0000000e+00
   9.7000000e-01   1.0000000e+00
   9.8000000e-01   1.0000000e+00
   9.9000000e-01   1.0000000e+00
   1.0000000e+00   1.0000000e+00
   0.0000000e+00   1.0000000e-03
   1.0000000e-02   1.2471363e-03
   2.0000000e-02   1.6563744e-03
   3.0000000e-02   2.4643306e-03
   4.0000000e-02   4.7941371e-03
   5.0000000e-02   3.6538444e-02
   6.0000000e-02   3.0589524e-01
   7.0000000e-02   5.0335828e-01
   8.0000000e-02   6.3543827e-01
   9.0000000e-02   7.2691903e-01
   1.0000000e-01   7.9215887e-01
   1.1000000e-01   8.3978460e-01
   1.2000000e-01   8.7521272e-01
   1.3000000e-01   9.0197529e-01
   1.4000000e-01   9.2244988e-01
   1.5000000e-01   9.3828034e-01
   1.6000000e-01   9.5062930e-01
   1.7000000e-01   9.6033516e-01
   1.8000000e-01   9.6801267e-01
   1.9000000e-01   9.7411915e-01
   2.0000000e-01   9.7899911e-01
   2.1000000e-01   9.8291492e-01
   2.2000000e-01   9.8606830e-01
   2.3000000e-01   9.8861566e-01
   2.4000000e-01   9.9067916e-01
   2.5000000e-01   1.0000000e+00
   2.6000000e-01   1.0000000e+00
   2.7000000e-01   1.0000000e+00
   2.8000000e-01   1.0000000e+00
   2.9000000e-01   1.0000000e+00
   3.0000000e-01   1.0000000e+00
   3.1000000e-01   1.0000000e+00
   3.2000000e-01   1.0000000e+00
   3.3000000e-01   1.0000000e+00
   3.4000000e-01   1.0000000e+00
   3.5000000e-01   1.0000000e+00
   3.6000000e-01   1.0000000e+00
   3.7000000e-01   1.0000000e+00
   3.8000000e-01   1.0000000e+00
   3.9000000e-01   1.0000000e+00
   4.0000000e-01   1.0000000e+00
   4.1000000e-01   1.0000000e+00
   4.2000000e-01   1.0000000e+00
   4.3000000e-01   1.0000000e+00
   4.4000000e-01   1.0000000e+00
   4.5000000e-01   1.0000000e+00
   4.6000000e-01   1.0000000e+00
   4.7000000e-01   1.0000000e+00
   4.8000000e-01   1.0000000e+00
   4.9000000e-01   1.0000000e+00
   5.0000000e-01   1.0000000e+00
   5.1000000e-01   1.0000000e+00
   5.2000000e-01   1.0000000e+00
   5.3000000e-01   1.0000000e+00
   5.4000000e-01   1.0000000e+00
   5.5000000e-01   1.0000000e+00
   5.6000000e-01   1.0000000e+00
   5.7000000e-01   1.0000000e+00
   5.8000000e-01   1.0000000e+00
   5.9000000e-01   1.0000000e+00
   6.0000000e-01   1.0000000e+00
   6.1000000e-01   1.0000000e+00
   6.2000000e-01   1.0000000e+00
   6.3000000e-01   1.0000000e+00
   6.4000000e-01   1.0000000e+00
   6.5000000e-01   1.0000000e+00
   6.6000000e-01   1.0000000e+00
   6.7000000e-01   1.0000000e+00
   6.8000000e-01   1.0000000e+00
   6.9000000e-01   1.0000000e+00
   7.0000000e-01   1.0000000e+00
   7.1000000e-01   1.0000000e+00
   7.2000000e-01   1.0000000e+00
   7.3000000e-01   1.0000000e+00
   7.4000000e-01   1.0000000e+00
   7.5000000e-01   1.0000000e+00
   7.6000000e-01   1.0000000e+00
   7.7000000e-01   1.0000000e+00
   7.8000000e-01   1.0000000e+00
   7.9000000e-01   1.0000000e+00
   8.0000000e-01   1.0000000e+00
   8.1000000e-01   1.0000000e+00
   8.2000000e-01   1.0000000e+00
   8.3000000e-01   1.0000000e+00
   8.4000000e-01   1.0000000e+00
   8.5000000e-01   1.0000000e+00
   8.6000000e-01   1.0000000e+00
   8.7000000e-01   1.0000000e+00
   8.8000000e-01   1.0000000e+00
   8.9000000e-01   1.0000000e+00
   9.0000000e-01   1.0000000e+00
   9.1000000e-01   1.0000000e+00
   9.2000000e-01   1.0000000e+00
   9.3000000e-01   1.0000000e+00
   9.4000000e-01   1.0000000e+00
   9.5000000e-01   1.0000000e+00
   9.6000000e-01   1.0000000e+00
   9.7000000e-01   1.0000000e+00
   9.8000000e-01   1.0000000e+00
   9.9000000e-01   1.0000000e+00
   1.0000000e+00   1.0000000e+00
   0.0000000e+00   1.0000000e-03
   1.0000000e-02   1.2471363e-03
   2.0000000e-02   1.6563744e-03
   3.0000000e-02   2.4643306e-03
   4.0000000e-02   4.7941371e-03
   5.0000000e-02   3.6538444e-02
   6.0000000e-02   3.0589524e-01
   7.0000000e-02   5.0335828e-01
   8.0000000e-02   6.3543827e-01
   9.0000000e-02   7.2691903e-01
   1.0000000e-01   7.9215887e-01
   1.1000000e-01   8.3978460e-01
   1.2000000e-01   8.7521272e-01
   1.3000000e-01   9.0197529e-01
   1.4000000e-01   9.2244988e-01
   1.5000000e-01   9.3828034e-01
   1.6000000e-01   9.5062930e-01
   1.7000000e-01   9.6033516e-01
   1.8000000e-01   9.6801267e-01
   1.9000000e-01   9.7411915e-01
   2.0000000e-01   9.7899911e-01
   2.1000000e-01   9.8291492e-01
   2.2000000e-01   9.8606830e-01
   2.3000000e-01   9.8861566e-01
   2.4000000e-01   9.9067916e-01
   2.5000000e-01   1.0000000e+00
   2.6000000e-01   1.0000000e+00
   2.7000000e-01   1.0000000e+00
   2.8000000e-01   1.0000000e+00
   2.9000000e-01   1.0000000e+00
   3.0000000e-01   1.0000000e+00
   3.1000000e-01   1.0000000e+00
   3.2000000e-01   1.0000000e+00
   3.3000000e-01   1.0000000e+00
   3.4000000e-01   1.0000000e+00
   3.5000000e-01   1.0000000e+00
   3.6000000e-01   1.0000000e+00
   3.7000000e-01   1.0000000e+00
   3.8000000e-01   1.0000000e+00
   3.9000000e-01   1.0000000e+00
   4.0000000e-01   1.0000000e+00
   4.1000000e-01   1.0000000e+00
   4.2000000e-01   1.0000000e+00
   4.3000000e-01   1.0000000e+00
   4.4000000e-01   1.0000000e+00
   4.5000000e-01   1.0000000e+00
   4.6000000e-01   1.0000000e+00
   4.7000000e-01   1.0000000e+00
   4.8000000e-01   1.0000000e+00
   4.9000000e-01   1.0000000e+00
   5.0000000e-01   1.0000000e+00
   5.1000000e-01   1.0000000e+00
   5.2000000e-01   1.0000000e+00
   5.3000000e-01   1.0000000e+00
   5.4000000e-01   1.0000000e+00
   5.5000000e-01   1.0000000e+00
   5.6000000e-01   1.0000000e+00
   5.7000000e-01   1.0000000e+00
   5.8000000e-01   1.0000000e+00
   5.9000000e-01   1.0000000e+00
   6.0000000e-01   1.0000000e+00
   6.1000000e-01   1.0000000e+00
   6.2000000e-01   1.0000000e+00
   6.3000000e-01   1.0000000e+00
   6.4000000e-01   1.0000000e+00
   6.5000000e-01   1.0000000e+00
   6.6000000e-01   1.0000000e+00
   6.7000000e-01   1.0000000e+00
   6.8000000e-01   1.0000000e+00
   6.9000000e-01   1.0000000e+00
   7.0000000e-01   1.0000000e+00
   7.1000000e-01   1.0000000e+00
   7.2000000e-01   1.0000000e+00
   7.3000000e-01   1.0000000e+00
   7.4000000e-01   1.0000000e+00
   7.5000000e-01   1.0000000e+00
   7.6000000e-01   1.0000000e+00
   7.7000000e-01   1.0000000e+00
   7.8000000e-01   1.0000000e+00
   7.9000000e-01   1.0000000e+00
   8.0000000e-01   1.0000000e+00
   8.1000000e-01   1.0000000e+00
   8.2000000e-01   1.0000000e+00
   8.3000000e-01   1.0000000e+00
   8.4000000e-01   1.0000000e+00
   8.5000000e-01   1.0000000e+00
   8.6000000e-01   1.0000000e+00
   8.7000000e-01   1.0000000e+00
   8.8000000e-01   1.0000000e+00
   8.9000000e-01   1.0000000e+00
   9.0000000e-01   1.0000000e+00
   9.1000000e-01   1.0000000e+00
   9.2000000e-01   1.0000000e+00
   9.3000000e-01   1.0000000e+00
   9.4000000e-01   1.0000000e+00
   9.5000000e-01   1.0000000e+00
   9.6000000e-01   1.0000000e+00
   9.7000000e-01   1.0000000e+00
   9.8000000e-01   1.0000000e+00
   9.9000000e-01   1.0000000e+00
   1.0000000e+00   1.0000000e+00
