0 4 0.000100
1 3 0.000200
1 7 0.000100
1 8 0.000100
1 14 0.000100
2 3 0.000100
2 4 0.000100
2 5 0.000100
2 7 0.000200
2 8 0.000400
2 9 0.000200
2 10 0.000300
2 11 0.000100
2 13 0.000100
2 14 0.000100
2 15 0.000100
2 16 0.000100
2 19 0.000100
2 20 0.000100
3 3 0.000100
3 5 0.000300
3 6 0.000800
3 7 0.000500
3 8 0.000600
3 9 0.001200
3 10 0.000800
3 11 0.001400
3 12 0.000800
3 13 0.000600
3 14 0.000300
3 15 0.000200
3 16 0.000100
3 18 0.000100
4 0 0.000100
4 2 0.000100
4 3 0.000100
4 4 0.000100
4 5 0.000800
4 6 0.001400
4 7 0.001400
4 8 0.002000
4 9 0.002100
4 10 0.002400
4 11 0.002400
4 12 0.002100
4 13 0.002000
4 14 0.001100
4 15 0.000400
4 16 0.000900
4 17 0.000200
5 3 0.000500
5 4 0.000500
5 5 0.001400
5 6 0.002900
5 7 0.003100
5 8 0.004300
5 9 0.004400
5 10 0.004800
5 11 0.003800
5 12 0.002500
5 13 0.002700
5 14 0.002000
5 15 0.001100
5 16 0.000200
5 18 0.000300
5 20 0.000100
5 22 0.000100
6 2 0.000100
6 3 0.000300
6 4 0.001200
6 5 0.001800
6 6 0.004300
6 7 0.006300
6 8 0.007400
6 9 0.007100
6 10 0.009700
6 11 0.006600
6 12 0.005700
6 13 0.003500
6 14 0.003200
6 15 0.002000
6 16 0.001400
6 17 0.000800
6 18 0.000500
6 19 0.000400
7 2 0.000300
7 3 0.000800
7 4 0.001800
7 5 0.004000
7 6 0.006600
7 7 0.008100
7 8 0.009200
7 9 0.012700
7 10 0.010700
7 11 0.011400
7 12 0.007400
7 13 0.006500
7 14 0.003200
7 15 0.003900
7 16 0.001600
7 17 0.001100
7 18 0.000700
7 19 0.000600
7 20 0.000100
7 21 0.000100
8 1 0.000200
8 2 0.000300
8 3 0.000600
8 4 0.003000
8 5 0.003800
8 6 0.008000
8 7 0.010000
8 8 0.014700
8 9 0.013400
8 10 0.014500
8 11 0.011400
8 12 0.011100
8 13 0.008000
8 14 0.006100
8 15 0.002900
8 16 0.003900
8 17 0.001600
8 18 0.000400
8 19 0.000200
8 20 0.000200
8 22 0.000100
9 1 0.000100
9 2 0.000100
9 3 0.001100
9 4 0.002000
9 5 0.005600
9 6 0.006900
9 7 0.011900
9 8 0.015600
9 9 0.015800
9 10 0.017200
9 11 0.015700
9 12 0.013200
9 13 0.009200
9 14 0.007000
9 15 0.003700
9 16 0.003000
9 17 0.001000
9 18 0.000300
9 19 0.000400
9 20 0.000200
9 21 0.000100
10 1 0.000100
10 2 0.000100
10 3 0.000800
10 4 0.003200
10 5 0.006100
10 6 0.007800
10 7 0.012800
10 8 0.014100
10 9 0.015500
10 10 0.016000
10 11 0.013000
10 12 0.012700
10 13 0.011200
10 14 0.006400
10 15 0.003600
10 16 0.002700
10 17 0.001600
10 18 0.000500
10 19 0.000300
10 20 0.000400
10 21 0.000300
10 22 0.000100
11 1 0.000100
11 2 0.000100
11 3 0.000400
11 4 0.002000
11 5 0.004200
11 6 0.008500
11 7 0.011500
11 8 0.013300
11 9 0.014100
11 10 0.015000
11 11 0.012400
11 12 0.011200
11 13 0.006400
11 14 0.006900
11 15 0.003600
11 16 0.002300
11 17 0.001500
11 18 0.000400
11 19 0.000300
11 20 0.000200
11 21 0.000100
11 22 0.000100
11 26 0.000100
12 1 0.000100
12 2 0.000200
12 3 0.000500
12 4 0.002400
12 5 0.003600
12 6 0.006800
12 7 0.007500
12 8 0.010300
12 9 0.011400
12 10 0.012000
12 11 0.009800
12 12 0.010300
12 13 0.006300
12 14 0.004500
12 15 0.003000
12 16 0.002500
12 17 0.001400
12 18 0.000400
12 19 0.000600
12 20 0.000100
12 21 0.000100
13 1 0.000100
13 3 0.000700
13 4 0.000800
13 5 0.002000
13 6 0.005600
13 7 0.006300
13 8 0.008900
13 9 0.008200
13 10 0.008700
13 11 0.008400
13 12 0.006400
13 13 0.005500
13 14 0.003500
13 15 0.002100
13 16 0.001500
13 17 0.001400
13 18 0.000700
13 19 0.000600
13 20 0.000100
13 24 0.000100
14 3 0.000300
14 4 0.001100
14 5 0.002300
14 6 0.003300
14 7 0.005600
14 8 0.005600
14 9 0.008100
14 10 0.005700
14 11 0.005700
14 12 0.004200
14 13 0.004500
14 14 0.003000
14 15 0.002100
14 16 0.001100
14 17 0.000300
14 18 0.000100
14 19 0.000100
15 2 0.000100
15 3 0.000300
15 4 0.000400
15 5 0.001500
15 6 0.001800
15 7 0.003300
15 8 0.003400
15 9 0.003500
15 10 0.003200
15 11 0.004200
15 12 0.003100
15 13 0.002300
15 14 0.001300
15 15 0.001100
15 16 0.000300
15 17 0.000900
15 18 0.000100
15 19 0.000100
15 20 0.000100
16 2 0.000100
16 3 0.000100
16 4 0.000400
16 5 0.000800
16 6 0.000900
16 7 0.001500
16 8 0.001900
16 9 0.002400
16 10 0.002500
16 11 0.002000
16 12 0.002700
16 13 0.001700
16 14 0.001100
16 15 0.000700
16 16 0.000400
16 17 0.000200
16 18 0.000100
16 19 0.000100
17 3 0.000100
17 4 0.000100
17 5 0.000100
17 6 0.000700
17 7 0.000900
17 8 0.001700
17 9 0.001100
17 10 0.002000
17 11 0.001100
17 12 0.000800
17 13 0.000500
17 14 0.000500
17 15 0.000500
17 16 0.000200
17 17 0.000100
17 18 0.000100
18 3 0.000100
18 4 0.000100
18 5 0.000200
18 6 0.000400
18 7 0.001300
18 8 0.000600
18 9 0.000800
18 10 0.000600
18 11 0.000500
18 12 0.001000
18 13 0.000400
18 14 0.000400
18 15 0.000300
18 16 0.000100
18 17 0.000300
18 18 0.000100
18 23 0.000100
19 4 0.000100
19 6 0.000100
19 7 0.000500
19 8 0.000300
19 9 0.000700
19 10 0.000500
19 11 0.000400
19 12 0.000200
19 13 0.000100
19 14 0.000100
19 15 0.000200
19 18 0.000200
20 4 0.000100
20 6 0.000300
20 7 0.000400
20 8 0.000200
20 9 0.000100
20 10 0.000200
20 11 0.000100
20 12 0.000200
20 13 0.000100
20 14 0.000100
21 6 0.000200
21 7 0.000100
21 8 0.000100
21 9 0.000100
21 10 0.000300
21 11 0.000100
21 13 0.000100
22 4 0.000100
22 15 0.000100
23 3 0.000100
23 5 0.000100
23 6 0.000100
