1 9 0.000100
1 11 0.000100
1 13 0.000100
2 4 0.000200
2 6 0.000100
2 8 0.000400
2 9 0.000600
2 10 0.000200
2 11 0.000200
2 13 0.000200
2 16 0.000100
2 22 0.000100
3 4 0.000200
3 5 0.000400
3 6 0.000500
3 7 0.001000
3 8 0.001000
3 9 0.001000
3 10 0.000400
3 11 0.001100
3 12 0.000700
3 13 0.000300
3 14 0.000400
3 15 0.000200
3 17 0.000300
3 18 0.000200
4 2 0.000100
4 3 0.000300
4 4 0.000300
4 5 0.000800
4 6 0.001000
4 7 0.001200
4 8 0.002400
4 9 0.001800
4 10 0.002800
4 11 0.001600
4 12 0.001100
4 13 0.001100
4 14 0.000900
4 15 0.000400
4 16 0.000300
4 17 0.000500
4 18 0.000200
4 19 0.000100
4 20 0.000100
4 21 0.000100
5 1 0.000200
5 2 0.000200
5 3 0.000100
5 4 0.001200
5 5 0.000900
5 6 0.002100
5 7 0.003300
5 8 0.004300
5 9 0.004300
5 10 0.004200
5 11 0.004800
5 12 0.003600
5 13 0.003000
5 14 0.002000
5 15 0.000500
5 16 0.000600
5 17 0.000700
5 18 0.000200
5 19 0.000100
6 2 0.000200
6 3 0.000500
6 4 0.000900
6 5 0.001700
6 6 0.003500
6 7 0.004600
6 8 0.007700
6 9 0.007300
6 10 0.006100
6 11 0.007700
6 12 0.006000
6 13 0.004600
6 14 0.002200
6 15 0.002400
6 16 0.000900
6 17 0.001100
6 18 0.000400
6 19 0.000200
6 20 0.000100
6 21 0.000200
6 23 0.000100
7 2 0.000200
7 3 0.000700
7 4 0.002600
7 5 0.003100
7 6 0.006000
7 7 0.007200
7 8 0.010900
7 9 0.010900
7 10 0.012800
7 11 0.010800
7 12 0.008900
7 13 0.007400
7 14 0.004200
7 15 0.002300
7 16 0.001300
7 17 0.001300
7 18 0.000600
7 19 0.000300
7 21 0.000100
7 22 0.000100
8 2 0.000100
8 3 0.001000
8 4 0.002000
8 5 0.004700
8 6 0.007500
8 7 0.009600
8 8 0.013200
8 9 0.014100
8 10 0.014400
8 11 0.014400
8 12 0.010200
8 13 0.007100
8 14 0.005700
8 15 0.003500
8 16 0.001900
8 17 0.001500
8 18 0.000500
8 19 0.000100
8 20 0.000100
8 21 0.000200
8 24 0.000100
9 2 0.000200
9 3 0.001500
9 4 0.002200
9 5 0.005700
9 6 0.008200
9 7 0.011600
9 8 0.013000
9 9 0.017200
9 10 0.014000
9 11 0.013200
9 12 0.009700
9 13 0.007600
9 14 0.006400
9 15 0.003800
9 16 0.002400
9 17 0.001000
9 18 0.001300
9 19 0.000400
9 20 0.000200
9 24 0.000100
10 1 0.000100
10 2 0.000400
10 3 0.000700
10 4 0.001500
10 5 0.004300
10 6 0.007700
10 7 0.012100
10 8 0.014400
10 9 0.014800
10 10 0.015900
10 11 0.015000
10 12 0.013500
10 13 0.009100
10 14 0.006400
10 15 0.003900
10 16 0.002600
10 17 0.002000
10 18 0.001200
10 19 0.000200
10 20 0.000100
10 21 0.000200
10 22 0.000100
11 2 0.000300
11 3 0.000700
11 4 0.002000
11 5 0.004000
11 6 0.006900
11 7 0.011200
11 8 0.014100
11 9 0.014400
11 10 0.014600
11 11 0.014000
11 12 0.011700
11 13 0.006700
11 14 0.005800
11 15 0.004100
11 16 0.001800
11 17 0.001900
11 18 0.000900
11 19 0.000600
11 20 0.000300
12 2 0.000100
12 3 0.001200
12 4 0.002600
12 5 0.004400
12 6 0.006400
12 7 0.007900
12 8 0.010300
12 9 0.013300
12 10 0.012400
12 11 0.010500
12 12 0.007100
12 13 0.006800
12 14 0.004800
12 15 0.003100
12 16 0.002900
12 17 0.000400
12 18 0.000600
12 19 0.000800
12 20 0.000700
13 2 0.000200
13 3 0.001000
13 4 0.000700
13 5 0.002600
13 6 0.005100
13 7 0.005800
13 8 0.010100
13 9 0.009300
13 10 0.007900
13 11 0.007800
13 12 0.005600
13 13 0.005400
13 14 0.002700
13 15 0.003100
13 16 0.001600
13 17 0.001100
13 18 0.000400
13 19 0.000200
13 22 0.000100
14 1 0.000100
14 2 0.000400
14 3 0.000200
14 4 0.000700
14 5 0.001900
14 6 0.003600
14 7 0.006000
14 8 0.005400
14 9 0.007500
14 10 0.007800
14 11 0.006400
14 12 0.004800
14 13 0.004800
14 14 0.002700
14 15 0.001600
14 16 0.001300
14 17 0.000700
14 18 0.000100
14 19 0.000400
14 20 0.000100
15 2 0.000100
15 3 0.000300
15 4 0.000700
15 5 0.001300
15 6 0.002300
15 7 0.002500
15 8 0.004300
15 9 0.005400
15 10 0.004900
15 11 0.004100
15 12 0.002700
15 13 0.002300
15 14 0.001300
15 15 0.001100
15 16 0.001000
15 17 0.000700
15 18 0.000300
15 19 0.000200
15 20 0.000200
15 21 0.000100
15 22 0.000100
16 3 0.000200
16 4 0.000500
16 5 0.001100
16 6 0.001500
16 7 0.001400
16 8 0.002500
16 9 0.002900
16 10 0.003200
16 11 0.002400
16 12 0.002400
16 13 0.002900
16 14 0.001400
16 15 0.000800
16 16 0.000300
16 17 0.000300
16 18 0.000100
17 3 0.000100
17 4 0.000100
17 5 0.000900
17 6 0.000800
17 7 0.001400
17 8 0.001000
17 9 0.001800
17 10 0.001000
17 11 0.002100
17 12 0.001300
17 13 0.000700
17 14 0.000500
17 15 0.000600
17 16 0.000200
17 17 0.000100
17 18 0.000100
18 4 0.000300
18 5 0.000400
18 6 0.000600
18 7 0.000300
18 8 0.000500
18 9 0.001100
18 10 0.000600
18 11 0.001000
18 12 0.000800
18 13 0.000600
18 14 0.000300
18 15 0.000200
18 16 0.000300
18 18 0.000100
18 19 0.000100
19 4 0.000100
19 5 0.000200
19 6 0.000300
19 7 0.000400
19 8 0.000600
19 9 0.000100
19 10 0.001000
19 11 0.000700
19 12 0.000500
19 13 0.000300
19 14 0.000300
19 15 0.000200
19 18 0.000100
20 5 0.000100
20 6 0.000100
20 7 0.000200
20 8 0.000300
20 9 0.000300
20 10 0.000600
20 11 0.000100
20 12 0.000200
20 13 0.000200
20 14 0.000100
20 15 0.000100
20 22 0.000100
21 3 0.000100
21 10 0.000400
21 11 0.000300
21 12 0.000300
21 14 0.000300
22 7 0.000100
22 8 0.000100
22 9 0.000100
22 13 0.000100
22 15 0.000100
23 4 0.000100
23 12 0.000100
24 11 0.000100
