1 7 0.000100
1 11 0.000100
1 12 0.000100
2 3 0.000100
2 5 0.000100
2 6 0.000100
2 7 0.000100
2 8 0.000100
2 9 0.000300
2 10 0.000300
2 11 0.000300
2 12 0.000500
2 13 0.000200
2 14 0.000200
3 4 0.000300
3 5 0.000100
3 6 0.000800
3 7 0.000500
3 8 0.000300
3 9 0.000700
3 10 0.000800
3 11 0.000800
3 12 0.000700
3 13 0.000600
3 14 0.000300
3 15 0.000200
3 16 0.000100
3 17 0.000300
3 18 0.000100
4 2 0.000200
4 3 0.000100
4 4 0.000500
4 5 0.000700
4 6 0.001200
4 7 0.001600
4 8 0.002300
4 9 0.001800
4 10 0.002900
4 11 0.002600
4 12 0.002000
4 13 0.001300
4 14 0.001000
4 15 0.000500
4 16 0.000300
4 17 0.000200
4 18 0.000200
5 3 0.000600
5 4 0.001000
5 5 0.000900
5 6 0.002000
5 7 0.003500
5 8 0.004400
5 9 0.004400
5 10 0.005800
5 11 0.003500
5 12 0.003700
5 13 0.003200
5 14 0.001800
5 15 0.001300
5 16 0.000600
5 17 0.000400
5 18 0.000200
5 20 0.000100
6 3 0.000600
6 4 0.000900
6 5 0.002200
6 6 0.003400
6 7 0.005400
6 8 0.007100
6 9 0.007500
6 10 0.008700
6 11 0.007500
6 12 0.005900
6 13 0.004400
6 14 0.003400
6 15 0.001300
6 16 0.002000
6 17 0.000900
6 18 0.000800
6 19 0.000100
6 20 0.000100
7 2 0.000200
7 3 0.000300
7 4 0.001900
7 5 0.003100
7 6 0.005000
7 7 0.006800
7 8 0.010600
7 9 0.012500
7 10 0.011000
7 11 0.009200
7 12 0.009700
7 13 0.007600
7 14 0.004100
7 15 0.002700
7 16 0.001700
7 17 0.001400
7 18 0.000500
7 19 0.000300
7 20 0.000400
8 0 0.000100
8 2 0.000300
8 3 0.000600
8 4 0.002500
8 5 0.004600
8 6 0.005800
8 7 0.010700
8 8 0.011000
8 9 0.013000
8 10 0.012300
8 11 0.013000
8 12 0.009200
8 13 0.008500
8 14 0.006700
8 15 0.004400
8 16 0.002400
8 17 0.002300
8 18 0.000900
8 19 0.000300
8 20 0.000100
8 21 0.000200
9 1 0.000100
9 2 0.000200
9 3 0.000600
9 4 0.002600
9 5 0.005000
9 6 0.008800
9 7 0.010000
9 8 0.013500
9 9 0.013700
9 10 0.016600
9 11 0.014400
9 12 0.012200
9 13 0.009000
9 14 0.007200
9 15 0.005000
9 16 0.002600
9 17 0.001500
9 18 0.001000
9 19 0.000700
9 20 0.000100
9 23 0.000100
10 2 0.000400
10 3 0.000800
10 4 0.002500
10 5 0.004200
10 6 0.007300
10 7 0.009200
10 8 0.016300
10 9 0.015600
10 10 0.016100
10 11 0.015200
10 12 0.010800
10 13 0.007500
10 14 0.006900
10 15 0.003700
10 16 0.002900
10 17 0.001200
10 18 0.000700
10 19 0.000400
10 20 0.000300
10 21 0.000100
11 2 0.000300
11 3 0.001200
11 4 0.002000
11 5 0.004700
11 6 0.006100
11 7 0.009700
11 8 0.015000
11 9 0.015000
11 10 0.014800
11 11 0.015200
11 12 0.010000
11 13 0.007800
11 14 0.005600
11 15 0.003600
11 16 0.002900
11 17 0.001500
11 18 0.000400
11 19 0.000500
11 20 0.000200
11 21 0.000100
11 22 0.000100
11 23 0.000100
12 1 0.000100
12 2 0.000100
12 3 0.001100
12 4 0.001700
12 5 0.004000
12 6 0.005000
12 7 0.008600
12 8 0.012000
12 9 0.013100
12 10 0.013100
12 11 0.010700
12 12 0.010300
12 13 0.006700
12 14 0.005700
12 15 0.002800
12 16 0.001900
12 17 0.001300
12 18 0.000500
12 19 0.000300
12 20 0.000100
13 3 0.000400
13 4 0.002200
13 5 0.002600
13 6 0.004200
13 7 0.005000
13 8 0.008500
13 9 0.008100
13 10 0.009400
13 11 0.010500
13 12 0.007700
13 13 0.004500
13 14 0.004400
13 15 0.002900
13 16 0.001300
13 17 0.000800
13 18 0.000300
13 19 0.000600
13 20 0.000200
13 22 0.000100
14 2 0.000200
14 3 0.000600
14 4 0.001000
14 5 0.001800
14 6 0.002000
14 7 0.005300
14 8 0.005700
14 9 0.007500
14 10 0.006000
14 11 0.004400
14 12 0.004500
14 13 0.003900
14 14 0.002600
14 15 0.001800
14 16 0.000800
14 17 0.000400
14 18 0.000400
14 19 0.000200
15 3 0.000300
15 4 0.000800
15 5 0.001300
15 6 0.001900
15 7 0.003400
15 8 0.003000
15 9 0.004800
15 10 0.004900
15 11 0.003700
15 12 0.004300
15 13 0.003000
15 14 0.002200
15 15 0.001400
15 16 0.000900
15 17 0.000500
15 18 0.000300
15 19 0.000200
15 20 0.000300
15 21 0.000100
16 3 0.000100
16 4 0.000400
16 5 0.000900
16 6 0.001700
16 7 0.002300
16 8 0.002300
16 9 0.003400
16 10 0.003100
16 11 0.002100
16 12 0.001600
16 13 0.001100
16 14 0.000600
16 15 0.001000
16 16 0.000600
16 17 0.000400
16 18 0.000200
16 21 0.000100
17 0 0.000100
17 3 0.000100
17 4 0.000300
17 5 0.000600
17 6 0.000700
17 7 0.001500
17 8 0.001000
17 9 0.002300
17 10 0.002200
17 11 0.001100
17 12 0.000900
17 13 0.000900
17 14 0.000900
17 15 0.000400
17 16 0.000300
17 17 0.000400
17 18 0.000100
17 20 0.000100
18 4 0.000100
18 5 0.000200
18 6 0.000300
18 7 0.000900
18 8 0.000900
18 9 0.000400
18 10 0.001000
18 11 0.001900
18 12 0.000700
18 13 0.000400
18 14 0.000200
18 16 0.000300
18 17 0.000100
19 5 0.000100
19 6 0.000100
19 7 0.000400
19 8 0.000600
19 9 0.000800
19 10 0.000600
19 11 0.000200
19 12 0.000400
19 13 0.000100
19 16 0.000100
20 4 0.000100
20 6 0.000400
20 7 0.000100
20 8 0.000400
20 9 0.000100
20 10 0.000200
20 11 0.000300
20 12 0.000100
20 13 0.000100
20 14 0.000300
20 15 0.000100
20 16 0.000100
21 5 0.000100
21 6 0.000100
21 7 0.000100
21 8 0.000300
21 9 0.000300
21 11 0.000100
21 12 0.000300
21 14 0.000200
21 15 0.000100
22 7 0.000100
23 10 0.000200
23 17 0.000100
