0 9 0.000100
1 6 0.000200
1 11 0.000200
1 14 0.000200
1 16 0.000100
2 5 0.000100
2 6 0.000200
2 7 0.000100
2 8 0.000300
2 9 0.000500
2 11 0.000400
2 13 0.000200
2 14 0.000400
2 15 0.000300
3 4 0.000100
3 5 0.000600
3 6 0.000600
3 7 0.000700
3 8 0.001300
3 9 0.001000
3 10 0.001200
3 11 0.001300
3 12 0.001000
3 13 0.000500
3 14 0.000100
3 15 0.000100
3 16 0.000500
3 17 0.000100
4 3 0.000200
4 4 0.000300
4 5 0.000700
4 6 0.001300
4 7 0.001900
4 8 0.001800
4 9 0.002300
4 10 0.003800
4 11 0.001700
4 12 0.002000
4 13 0.001200
4 14 0.001300
4 15 0.001100
4 16 0.000500
4 17 0.000400
4 18 0.000200
4 20 0.000300
4 22 0.000100
5 3 0.000200
5 4 0.000800
5 5 0.001900
5 6 0.002500
5 7 0.003600
5 8 0.004400
5 9 0.005000
5 10 0.004000
5 11 0.005400
5 12 0.003700
5 13 0.003300
5 14 0.003300
5 15 0.001100
5 16 0.001000
5 17 0.000400
5 18 0.000300
5 19 0.000200
6 2 0.000100
6 3 0.000500
6 4 0.001700
6 5 0.003000
6 6 0.004700
6 7 0.005900
6 8 0.007300
6 9 0.009200
6 10 0.007700
6 11 0.007400
6 12 0.005800
6 13 0.006200
6 14 0.003200
6 15 0.002300
6 16 0.001400
6 17 0.000900
6 18 0.000600
6 19 0.000300
7 0 0.000100
7 2 0.000200
7 3 0.000400
7 4 0.001700
7 5 0.004000
7 6 0.007200
7 7 0.006900
7 8 0.010000
7 9 0.012100
7 10 0.011000
7 11 0.011900
7 12 0.008100
7 13 0.006600
7 14 0.003900
7 15 0.004500
7 16 0.001200
7 17 0.001600
7 18 0.000800
7 19 0.000400
7 20 0.000200
7 21 0.000100
8 2 0.000100
8 3 0.001000
8 4 0.002900
8 5 0.004100
8 6 0.006200
8 7 0.009100
8 8 0.011200
8 9 0.012800
8 10 0.014600
8 11 0.013300
8 12 0.010100
8 13 0.008100
8 14 0.006000
8 15 0.004100
8 16 0.001800
8 17 0.001000
8 18 0.000700
8 19 0.000400
8 20 0.000200
9 1 0.000100
9 2 0.000200
9 3 0.001700
9 4 0.001500
9 5 0.005300
9 6 0.010000
9 7 0.011500
9 8 0.012700
9 9 0.017600
9 10 0.013000
9 11 0.015700
9 12 0.010600
9 13 0.009400
9 14 0.006100
9 15 0.005100
9 16 0.002800
9 17 0.001400
9 18 0.000700
9 19 0.000700
9 20 0.000100
9 21 0.000100
10 1 0.000100
10 2 0.000300
10 3 0.001100
10 4 0.002000
10 5 0.004400
10 6 0.008800
10 7 0.011800
10 8 0.014000
10 9 0.016800
10 10 0.015100
10 11 0.012300
10 12 0.010700
10 13 0.008600
10 14 0.007000
10 15 0.003800
10 16 0.002500
10 17 0.001200
10 18 0.000900
10 19 0.000600
10 20 0.000400
10 21 0.000200
11 1 0.000100
11 2 0.000300
11 3 0.000800
11 4 0.001600
11 5 0.004300
11 6 0.007500
11 7 0.010700
11 8 0.013400
11 9 0.015400
11 10 0.013700
11 11 0.012400
11 12 0.010300
11 13 0.007900
11 14 0.005600
11 15 0.003900
11 16 0.002400
11 17 0.000900
11 18 0.000900
11 19 0.000300
11 20 0.000400
11 22 0.000200
12 1 0.000100
12 2 0.000100
12 3 0.000800
12 4 0.002300
12 5 0.002700
12 6 0.005300
12 7 0.008400
12 8 0.011900
12 9 0.010200
12 10 0.011900
12 11 0.009800
12 12 0.009500
12 13 0.006700
12 14 0.004200
12 15 0.002200
12 16 0.001900
12 17 0.000700
12 18 0.000800
12 19 0.000200
12 20 0.000300
13 1 0.000100
13 2 0.000200
13 3 0.000400
13 4 0.001200
13 5 0.003000
13 6 0.004200
13 7 0.006300
13 8 0.006900
13 9 0.008400
13 10 0.008000
13 11 0.009200
13 12 0.007300
13 13 0.003500
13 14 0.003700
13 15 0.003400
13 16 0.001700
13 17 0.001000
13 18 0.000700
13 19 0.000100
13 20 0.000200
13 21 0.000300
14 1 0.000100
14 3 0.000500
14 4 0.001000
14 5 0.001700
14 6 0.003800
14 7 0.006100
14 8 0.004600
14 9 0.007000
14 10 0.006700
14 11 0.005300
14 12 0.006100
14 13 0.004400
14 14 0.002700
14 15 0.002100
14 16 0.001100
14 17 0.000500
14 18 0.000100
14 19 0.000300
14 20 0.000100
15 3 0.000300
15 4 0.000800
15 5 0.000800
15 6 0.001900
15 7 0.003500
15 8 0.003500
15 9 0.003800
15 10 0.004700
15 11 0.004800
15 12 0.003600
15 13 0.001500
15 14 0.002100
15 15 0.000800
15 16 0.000500
15 17 0.000200
16 4 0.000200
16 5 0.001100
16 6 0.000900
16 7 0.002000
16 8 0.001800
16 9 0.003000
16 10 0.003200
16 11 0.003000
16 12 0.001500
16 13 0.002000
16 14 0.000900
16 15 0.000900
16 16 0.000400
16 17 0.000400
16 18 0.000100
16 19 0.000100
17 3 0.000100
17 5 0.000300
17 6 0.001000
17 7 0.000900
17 8 0.002000
17 9 0.002200
17 10 0.001000
17 11 0.001000
17 12 0.001300
17 13 0.000900
17 14 0.000400
17 15 0.000200
17 16 0.000500
17 17 0.000100
17 18 0.000200
18 5 0.000400
18 6 0.000600
18 7 0.001100
18 8 0.000700
18 9 0.001200
18 10 0.001500
18 11 0.000500
18 12 0.000300
18 13 0.000400
18 14 0.000200
18 15 0.000300
18 16 0.000100
18 17 0.000200
18 18 0.000300
18 19 0.000100
19 3 0.000200
19 5 0.000100
19 6 0.000100
19 7 0.000400
19 8 0.000300
19 9 0.001000
19 10 0.000500
19 11 0.000100
19 12 0.000200
19 13 0.000200
19 14 0.000200
19 16 0.000200
19 17 0.000100
19 18 0.000100
20 7 0.000100
20 8 0.000300
20 9 0.000200
20 10 0.000300
20 11 0.000100
20 17 0.000100
21 6 0.000100
21 7 0.000100
21 8 0.000200
21 9 0.000200
21 11 0.000200
21 12 0.000100
21 13 0.000200
21 15 0.000100
22 8 0.000100
22 13 0.000100
23 11 0.000100
24 7 0.000100
