0 11 0.000100
1 5 0.000100
1 7 0.000100
1 10 0.000200
2 4 0.000100
2 5 0.000100
2 6 0.000400
2 7 0.000300
2 8 0.000200
2 9 0.000100
2 10 0.000600
2 11 0.000400
2 12 0.000300
2 13 0.000100
2 14 0.000300
2 15 0.000200
2 18 0.000100
2 19 0.000100
2 20 0.000100
3 3 0.000100
3 4 0.000200
3 5 0.000600
3 6 0.000300
3 7 0.000700
3 8 0.000300
3 9 0.001400
3 10 0.000800
3 11 0.000900
3 12 0.000900
3 13 0.000500
3 14 0.000100
3 15 0.000200
3 17 0.000200
3 18 0.000200
4 3 0.000100
4 4 0.000100
4 5 0.001000
4 6 0.001100
4 7 0.001600
4 8 0.002100
4 9 0.002100
4 10 0.002000
4 11 0.002800
4 12 0.001100
4 13 0.001200
4 14 0.001100
4 15 0.000300
4 16 0.000300
4 17 0.000100
4 18 0.000100
4 19 0.000200
5 1 0.000100
5 2 0.000100
5 3 0.000200
5 4 0.000400
5 5 0.001200
5 6 0.002300
5 7 0.002900
5 8 0.003700
5 9 0.004500
5 10 0.005600
5 11 0.003300
5 12 0.005200
5 13 0.003200
5 14 0.001900
5 15 0.001300
5 16 0.000600
5 17 0.000500
5 18 0.000200
5 19 0.000200
5 23 0.000100
6 3 0.000700
6 4 0.000800
6 5 0.002500
6 6 0.003900
6 7 0.005700
6 8 0.006800
6 9 0.008700
6 10 0.007000
6 11 0.008600
6 12 0.006200
6 13 0.003300
6 14 0.002900
6 15 0.002600
6 16 0.001200
6 17 0.000500
6 18 0.000900
6 19 0.000300
6 21 0.000100
7 2 0.000500
7 3 0.000200
7 4 0.001600
7 5 0.003800
7 6 0.006700
7 7 0.009600
7 8 0.008900
7 9 0.014500
7 10 0.011700
7 11 0.010700
7 12 0.008600
7 13 0.006800
7 14 0.004400
7 15 0.002700
7 16 0.001900
7 17 0.001200
7 18 0.000800
7 19 0.000300
7 20 0.000100
7 21 0.000100
8 2 0.000300
8 3 0.001000
8 4 0.003100
8 5 0.003800
8 6 0.006800
8 7 0.010200
8 8 0.012900
8 9 0.015500
8 10 0.012000
8 11 0.013000
8 12 0.010800
8 13 0.007800
8 14 0.005600
8 15 0.003500
8 16 0.002600
8 17 0.001400
8 18 0.000900
8 19 0.000600
8 20 0.000100
8 23 0.000100
9 1 0.000100
9 2 0.000300
9 3 0.000500
9 4 0.002000
9 5 0.005500
9 6 0.006700
9 7 0.011200
9 8 0.014500
9 9 0.017100
9 10 0.018300
9 11 0.012100
9 12 0.011400
9 13 0.009700
9 14 0.005600
9 15 0.005600
9 16 0.002500
9 17 0.001800
9 18 0.000900
9 19 0.000500
9 20 0.000400
9 21 0.000300
9 22 0.000100
10 0 0.000100
10 1 0.000100
10 2 0.000400
10 3 0.000400
10 4 0.002600
10 5 0.004600
10 6 0.006100
10 7 0.011200
10 8 0.017300
10 9 0.016600
10 10 0.016700
10 11 0.013600
10 12 0.012400
10 13 0.007900
10 14 0.007300
10 15 0.004800
10 16 0.002700
10 17 0.002100
10 18 0.000500
10 19 0.000800
10 20 0.000100
11 2 0.000400
11 3 0.001200
11 4 0.001900
11 5 0.004400
11 6 0.006900
11 7 0.010200
11 8 0.011900
11 9 0.013900
11 10 0.012600
11 11 0.013800
11 12 0.010900
11 13 0.008200
11 14 0.005600
11 15 0.003700
11 16 0.001900
11 17 0.002000
11 18 0.000400
11 19 0.000200
11 20 0.000300
11 21 0.000100
11 24 0.000100
12 2 0.000300
12 3 0.001400
12 4 0.002100
12 5 0.003400
12 6 0.005600
12 7 0.008900
12 8 0.009100
12 9 0.012800
12 10 0.013600
12 11 0.010700
12 12 0.008600
12 13 0.007600
12 14 0.004400
12 15 0.002800
12 16 0.002100
12 17 0.001200
12 18 0.000600
12 19 0.000500
12 21 0.000100
13 2 0.000200
13 3 0.000300
13 4 0.001400
13 5 0.003300
13 6 0.004300
13 7 0.006300
13 8 0.008400
13 9 0.008100
13 10 0.009000
13 11 0.007300
13 12 0.007000
13 13 0.005800
13 14 0.003500
13 15 0.003100
13 16 0.001700
13 17 0.001300
13 18 0.000300
13 21 0.000100
14 2 0.000200
14 3 0.000200
14 4 0.001100
14 5 0.002500
14 6 0.003800
14 7 0.003700
14 8 0.006800
14 9 0.005900
14 10 0.005800
14 11 0.004400
14 12 0.005400
14 13 0.003800
14 14 0.003200
14 15 0.001100
14 16 0.001000
14 17 0.000400
14 18 0.000400
14 19 0.000300
14 21 0.000100
15 1 0.000100
15 2 0.000100
15 3 0.000200
15 4 0.000500
15 5 0.001200
15 6 0.002100
15 7 0.002800
15 8 0.003800
15 9 0.004300
15 10 0.004000
15 11 0.003500
15 12 0.003300
15 13 0.001800
15 14 0.001600
15 15 0.001200
15 16 0.000700
15 17 0.000400
15 18 0.000200
15 21 0.000100
16 2 0.000100
16 3 0.000100
16 4 0.000600
16 5 0.000600
16 6 0.001000
16 7 0.001600
16 8 0.002600
16 9 0.001500
16 10 0.002600
16 11 0.002400
16 12 0.001500
16 13 0.002300
16 14 0.001500
16 15 0.000700
16 16 0.000600
16 17 0.000300
16 18 0.000100
16 19 0.000400
16 21 0.000100
16 22 0.000100
17 4 0.000300
17 5 0.000800
17 6 0.000800
17 7 0.001400
17 8 0.001600
17 9 0.001400
17 10 0.001700
17 11 0.001500
17 12 0.001600
17 13 0.001300
17 14 0.000500
17 15 0.000300
17 16 0.000200
17 17 0.000300
18 3 0.000100
18 5 0.000100
18 6 0.000500
18 7 0.000500
18 8 0.000800
18 9 0.001200
18 10 0.001000
18 11 0.000800
18 12 0.000200
18 13 0.000400
18 14 0.000100
18 15 0.000200
18 16 0.000300
18 17 0.000100
18 18 0.000100
18 19 0.000100
19 4 0.000100
19 5 0.000100
19 6 0.000100
19 7 0.000300
19 8 0.000400
19 9 0.000600
19 10 0.000400
19 11 0.000600
19 12 0.000300
19 13 0.000200
19 14 0.000200
19 16 0.000300
19 18 0.000200
19 19 0.000100
20 4 0.000100
20 5 0.000300
20 6 0.000300
20 7 0.000100
20 8 0.000200
20 9 0.000200
20 10 0.000200
20 11 0.000300
20 12 0.000400
20 13 0.000100
20 15 0.000200
20 16 0.000100
20 17 0.000100
21 3 0.000100
21 7 0.000200
21 9 0.000100
21 10 0.000100
21 13 0.000100
21 15 0.000100
22 5 0.000100
22 6 0.000100
22 7 0.000100
22 15 0.000100
22 16 0.000100
23 7 0.000100
23 8 0.000100
23 10 0.000100
