0 13 0.000100
1 6 0.000100
1 7 0.000200
1 10 0.000200
1 13 0.000100
2 2 0.000100
2 5 0.000100
2 7 0.000100
2 8 0.000300
2 10 0.000200
2 11 0.000200
2 12 0.000100
2 15 0.000100
3 3 0.000100
3 5 0.000300
3 6 0.000600
3 7 0.000700
3 8 0.000700
3 9 0.001100
3 10 0.000900
3 11 0.000600
3 12 0.000400
3 13 0.000500
3 14 0.000200
3 15 0.000400
3 16 0.000100
3 19 0.000100
4 3 0.000100
4 4 0.000300
4 5 0.000900
4 6 0.001400
4 7 0.001800
4 8 0.002200
4 9 0.002300
4 10 0.001600
4 11 0.002100
4 12 0.001400
4 13 0.001100
4 14 0.000600
4 15 0.001300
4 16 0.000200
4 17 0.000300
4 20 0.000100
5 1 0.000100
5 2 0.000100
5 3 0.000400
5 4 0.000500
5 5 0.001900
5 6 0.002300
5 7 0.003800
5 8 0.004000
5 9 0.006300
5 10 0.004800
5 11 0.004800
5 12 0.003200
5 13 0.002900
5 14 0.002500
5 15 0.001400
5 16 0.001100
5 17 0.000100
5 18 0.000200
5 19 0.000200
5 20 0.000100
6 2 0.000200
6 3 0.000800
6 4 0.001500
6 5 0.002700
6 6 0.004300
6 7 0.006200
6 8 0.006300
6 9 0.008300
6 10 0.007100
6 11 0.006400
6 12 0.006000
6 13 0.004300
6 14 0.003500
6 15 0.001700
6 16 0.001500
6 17 0.000900
6 18 0.000200
6 19 0.000300
6 20 0.000100
6 21 0.000100
7 2 0.000300
7 3 0.000500
7 4 0.001900
7 5 0.004000
7 6 0.005800
7 7 0.008100
7 8 0.009300
7 9 0.011200
7 10 0.011300
7 11 0.010500
7 12 0.009800
7 13 0.006800
7 14 0.004300
7 15 0.003600
7 16 0.001800
7 17 0.001100
7 18 0.000600
7 19 0.000400
8 2 0.000400
8 3 0.000400
8 4 0.001800
8 5 0.004500
8 6 0.008400
8 7 0.011600
8 8 0.011800
8 9 0.014400
8 10 0.015300
8 11 0.011700
8 12 0.010100
8 13 0.008500
8 14 0.005800
8 15 0.003200
8 16 0.002800
8 17 0.001100
8 18 0.000500
8 19 0.000700
8 20 0.000200
8 21 0.000100
9 2 0.000400
9 3 0.000700
9 4 0.002500
9 5 0.006000
9 6 0.007800
9 7 0.011300
9 8 0.014100
9 9 0.015200
9 10 0.014600
9 11 0.013200
9 12 0.012000
9 13 0.010000
9 14 0.006700
9 15 0.004000
9 16 0.002200
9 17 0.001100
9 18 0.000700
9 19 0.000400
9 20 0.000400
9 21 0.000200
10 1 0.000200
10 2 0.000100
10 3 0.001100
10 4 0.001800
10 5 0.005100
10 6 0.007400
10 7 0.011300
10 8 0.015500
10 9 0.012400
10 10 0.015400
10 11 0.016300
10 12 0.011800
10 13 0.008300
10 14 0.005200
10 15 0.004200
10 16 0.003700
10 17 0.001200
10 18 0.000400
10 19 0.000600
10 20 0.000400
11 0 0.000100
11 2 0.000400
11 3 0.001200
11 4 0.002100
11 5 0.003700
11 6 0.008700
11 7 0.010400
11 8 0.011300
11 9 0.012900
11 10 0.012200
11 11 0.015900
11 12 0.010600
11 13 0.007200
11 14 0.006800
11 15 0.004600
11 16 0.002800
11 17 0.000900
11 18 0.001100
11 19 0.000600
11 20 0.000100
11 21 0.000100
11 22 0.000100
12 2 0.000300
12 3 0.000700
12 4 0.002000
12 5 0.003400
12 6 0.006000
12 7 0.008300
12 8 0.010800
12 9 0.013000
12 10 0.013800
12 11 0.010300
12 12 0.007600
12 13 0.008500
12 14 0.005600
12 15 0.003500
12 16 0.002400
12 17 0.001800
12 18 0.000600
12 20 0.000200
12 21 0.000300
12 22 0.000100
13 2 0.000100
13 3 0.000600
13 4 0.001700
13 5 0.001800
13 6 0.003200
13 7 0.007500
13 8 0.007500
13 9 0.010500
13 10 0.009600
13 11 0.007000
13 12 0.007500
13 13 0.005100
13 14 0.003600
13 15 0.003600
13 16 0.001500
13 17 0.001100
13 18 0.000100
13 19 0.000300
13 21 0.000100
14 2 0.000300
14 3 0.000300
14 4 0.001400
14 5 0.002300
14 6 0.003500
14 7 0.004700
14 8 0.005500
14 9 0.006600
14 10 0.007000
14 11 0.005800
14 12 0.004700
14 13 0.004100
14 14 0.002000
14 15 0.001900
14 16 0.001600
14 17 0.000300
14 18 0.000500
14 19 0.000200
14 22 0.000100
15 0 0.000100
15 2 0.000200
15 3 0.000400
15 4 0.001000
15 5 0.001400
15 6 0.002600
15 7 0.002500
15 8 0.003500
15 9 0.004200
15 10 0.003600
15 11 0.003200
15 12 0.003800
15 13 0.002700
15 14 0.002200
15 15 0.001400
15 16 0.000800
15 17 0.000400
15 18 0.000500
15 19 0.000200
15 20 0.000100
15 21 0.000100
16 2 0.000100
16 4 0.000700
16 5 0.001300
16 6 0.000800
16 7 0.002300
16 8 0.002600
16 9 0.001900
16 10 0.003000
16 11 0.001900
16 12 0.001800
16 13 0.001500
16 14 0.001100
16 15 0.000600
16 16 0.000600
16 17 0.000400
16 19 0.000100
17 2 0.000100
17 4 0.000300
17 5 0.000400
17 6 0.000900
17 7 0.001600
17 8 0.001200
17 9 0.001300
17 10 0.002100
17 11 0.001400
17 12 0.001000
17 13 0.000700
17 14 0.000900
17 15 0.000300
17 16 0.000900
17 17 0.000100
17 19 0.000100
18 3 0.000100
18 4 0.000400
18 5 0.000300
18 6 0.000200
18 7 0.000700
18 8 0.000400
18 9 0.000800
18 10 0.000700
18 11 0.000400
18 12 0.000800
18 13 0.000500
18 14 0.000100
18 15 0.000200
18 16 0.000100
18 19 0.000100
18 20 0.000100
19 5 0.000200
19 6 0.000300
19 7 0.000400
19 8 0.000600
19 9 0.000600
19 10 0.000800
19 11 0.000500
19 12 0.000300
19 14 0.000200
19 18 0.000100
20 2 0.000100
20 4 0.000100
20 5 0.000100
20 7 0.000100
20 8 0.000100
20 9 0.000300
20 10 0.000400
20 11 0.000200
20 12 0.000100
20 13 0.000100
20 14 0.000100
20 15 0.000100
20 16 0.000100
21 6 0.000100
21 8 0.000100
21 13 0.000100
22 4 0.000100
22 5 0.000200
22 7 0.000100
22 12 0.000200
23 7 0.000100
23 9 0.000100
23 12 0.000100
