1 3 0.000100
1 6 0.000100
1 7 0.000100
1 10 0.000100
1 11 0.000200
1 12 0.000100
1 13 0.000100
2 7 0.000100
2 8 0.000100
2 10 0.000100
2 11 0.000300
2 12 0.000100
2 13 0.000300
2 14 0.000200
2 16 0.000100
3 4 0.000300
3 5 0.000400
3 6 0.000600
3 7 0.000500
3 8 0.001300
3 9 0.001400
3 10 0.001000
3 11 0.001700
3 12 0.000200
3 13 0.000500
3 14 0.000400
3 16 0.000400
3 19 0.000100
3 20 0.000100
4 3 0.000300
4 4 0.000400
4 5 0.000600
4 6 0.000900
4 7 0.002000
4 8 0.003000
4 9 0.001900
4 10 0.002200
4 11 0.002000
4 12 0.001900
4 13 0.000600
4 14 0.001100
4 15 0.001000
4 16 0.000100
4 18 0.000400
4 20 0.000100
4 21 0.000100
5 4 0.001000
5 5 0.000800
5 6 0.002100
5 7 0.003600
5 8 0.003800
5 9 0.004600
5 10 0.004400
5 11 0.004800
5 12 0.003400
5 13 0.002800
5 14 0.002200
5 15 0.001100
5 16 0.000700
5 17 0.000600
5 18 0.000400
5 19 0.000100
5 21 0.000100
5 22 0.000100
6 3 0.000300
6 4 0.001300
6 5 0.002700
6 6 0.003500
6 7 0.005800
6 8 0.007500
6 9 0.008900
6 10 0.007100
6 11 0.009100
6 12 0.006200
6 13 0.004200
6 14 0.003600
6 15 0.001400
6 16 0.001000
6 17 0.001600
6 18 0.000400
6 19 0.000300
6 20 0.000400
7 2 0.000300
7 3 0.000400
7 4 0.001500
7 5 0.003000
7 6 0.006500
7 7 0.006500
7 8 0.012500
7 9 0.010900
7 10 0.012500
7 11 0.011800
7 12 0.007200
7 13 0.006300
7 14 0.004900
7 15 0.003400
7 16 0.002000
7 17 0.000700
7 18 0.000600
7 19 0.000300
7 20 0.000200
7 21 0.000100
7 22 0.000100
7 23 0.000100
8 1 0.000100
8 2 0.000500
8 3 0.000800
8 4 0.001300
8 5 0.003000
8 6 0.008300
8 7 0.011700
8 8 0.011600
8 9 0.011800
8 10 0.010900
8 11 0.013300
8 12 0.011600
8 13 0.008200
8 14 0.007000
8 15 0.003800
8 16 0.002300
8 17 0.001300
8 18 0.000800
8 19 0.000500
8 20 0.000400
8 21 0.000200
8 22 0.000300
9 2 0.000200
9 3 0.002100
9 4 0.002500
9 5 0.003200
9 6 0.007000
9 7 0.010300
9 8 0.013400
9 9 0.017300
9 10 0.013800
9 11 0.015900
9 12 0.012200
9 13 0.010200
9 14 0.007000
9 15 0.005000
9 16 0.002600
9 17 0.002200
9 18 0.001000
9 19 0.000900
9 20 0.000300
9 21 0.000100
9 22 0.000100
10 3 0.000800
10 4 0.001900
10 5 0.004700
10 6 0.006600
10 7 0.009200
10 8 0.013900
10 9 0.014700
10 10 0.014000
10 11 0.014400
10 12 0.010400
10 13 0.008700
10 14 0.007200
10 15 0.004900
10 16 0.003100
10 17 0.001200
10 18 0.000500
10 19 0.000900
10 21 0.000100
11 1 0.000200
11 2 0.000300
11 3 0.000400
11 4 0.002100
11 5 0.003600
11 6 0.007100
11 7 0.010800
11 8 0.012200
11 9 0.013000
11 10 0.014400
11 11 0.011500
11 12 0.010000
11 13 0.008100
11 14 0.006500
11 15 0.004400
11 16 0.002000
11 17 0.001400
11 18 0.001100
11 19 0.000500
11 20 0.000400
11 21 0.000200
12 1 0.000100
12 2 0.000200
12 3 0.000600
12 4 0.001400
12 5 0.004200
12 6 0.006300
12 7 0.009000
12 8 0.009600
12 9 0.013800
12 10 0.012700
12 11 0.011400
12 12 0.009300
12 13 0.008300
12 14 0.004900
12 15 0.003900
12 16 0.001700
12 17 0.001600
12 18 0.000100
12 20 0.000200
13 2 0.000400
13 3 0.000700
13 4 0.001400
13 5 0.002600
13 6 0.003600
13 7 0.007400
13 8 0.007800
13 9 0.010500
13 10 0.010600
13 11 0.007700
13 12 0.007200
13 13 0.006400
13 14 0.004000
13 15 0.001800
13 16 0.001500
13 17 0.000700
13 18 0.000600
13 19 0.000300
13 20 0.000200
13 21 0.000100
14 2 0.000100
14 3 0.000600
14 4 0.001300
14 5 0.001800
14 6 0.003400
14 7 0.005000
14 8 0.005500
14 9 0.006200
14 10 0.007200
14 11 0.006900
14 12 0.005900
14 13 0.004800
14 14 0.002400
14 15 0.002700
14 16 0.001400
14 17 0.000600
14 18 0.000500
14 19 0.000300
14 21 0.000200
14 23 0.000100
15 2 0.000100
15 3 0.000200
15 4 0.000600
15 5 0.001500
15 6 0.002600
15 7 0.002900
15 8 0.003500
15 9 0.003800
15 10 0.003500
15 11 0.003300
15 12 0.002600
15 13 0.002300
15 14 0.001700
15 15 0.001100
15 16 0.000900
15 17 0.000400
15 18 0.000600
15 19 0.000100
15 20 0.000200
16 2 0.000100
16 4 0.000400
16 5 0.001000
16 6 0.001900
16 7 0.002000
16 8 0.002800
16 9 0.003400
16 10 0.002900
16 11 0.002500
16 12 0.001900
16 13 0.001400
16 14 0.001700
16 15 0.000700
16 16 0.000100
16 17 0.000100
16 18 0.000100
16 19 0.000100
16 20 0.000200
16 21 0.000100
17 4 0.000200
17 5 0.000400
17 6 0.000800
17 7 0.001400
17 8 0.001500
17 9 0.002300
17 10 0.001300
17 11 0.001400
17 12 0.001100
17 13 0.001100
17 14 0.000400
17 15 0.000600
17 16 0.000300
17 17 0.000300
17 19 0.000100
18 3 0.000200
18 4 0.000200
18 5 0.000200
18 6 0.000300
18 7 0.001000
18 8 0.000600
18 9 0.000500
18 10 0.001300
18 11 0.000500
18 12 0.000900
18 13 0.000500
18 14 0.000400
18 15 0.000100
18 16 0.000100
18 19 0.000200
19 5 0.000100
19 7 0.000200
19 8 0.000100
19 9 0.000100
19 10 0.000700
19 11 0.000100
19 12 0.000300
19 13 0.000400
19 14 0.000200
19 15 0.000200
19 18 0.000100
20 3 0.000100
20 4 0.000100
20 7 0.000100
20 8 0.000100
20 10 0.000500
20 11 0.000400
20 12 0.000400
20 13 0.000100
20 16 0.000100
20 17 0.000100
21 10 0.000100
21 12 0.000100
21 15 0.000100
22 9 0.000100
22 16 0.000100
24 5 0.000100
