1 8 0.000100
1 9 0.000200
1 12 0.000200
1 14 0.000100
2 5 0.000200
2 7 0.000300
2 8 0.000200
2 9 0.000400
2 10 0.000100
2 11 0.000100
2 12 0.000200
2 13 0.000400
2 14 0.000100
2 16 0.000100
2 18 0.000100
3 4 0.000200
3 5 0.000400
3 6 0.000800
3 7 0.000400
3 8 0.001200
3 9 0.000800
3 10 0.001000
3 11 0.001100
3 12 0.000500
3 13 0.000400
3 14 0.000600
3 15 0.000200
3 16 0.000300
3 17 0.000100
4 2 0.000100
4 3 0.000300
4 4 0.000200
4 5 0.000500
4 6 0.001400
4 7 0.002000
4 8 0.002100
4 9 0.002300
4 10 0.002300
4 11 0.000700
4 12 0.001900
4 13 0.001800
4 14 0.000800
4 15 0.000500
4 16 0.000500
4 17 0.000200
4 18 0.000100
4 19 0.000100
4 20 0.000100
4 22 0.000100
5 2 0.000100
5 3 0.000500
5 4 0.000900
5 5 0.001400
5 6 0.002000
5 7 0.003500
5 8 0.004900
5 9 0.004100
5 10 0.004700
5 11 0.004600
5 12 0.004500
5 13 0.003700
5 14 0.001800
5 15 0.001800
5 16 0.000900
5 17 0.000200
5 18 0.000500
5 19 0.000200
6 1 0.000100
6 2 0.000300
6 3 0.000500
6 4 0.001500
6 5 0.002900
6 6 0.003500
6 7 0.006200
6 8 0.007400
6 9 0.009100
6 10 0.008000
6 11 0.007400
6 12 0.006500
6 13 0.003700
6 14 0.002200
6 15 0.001800
6 16 0.001900
6 17 0.000600
6 18 0.000600
6 19 0.000200
6 21 0.000100
7 2 0.000300
7 3 0.000500
7 4 0.001600
7 5 0.003700
7 6 0.005800
7 7 0.008100
7 8 0.011200
7 9 0.011600
7 10 0.012000
7 11 0.010400
7 12 0.010200
7 13 0.007600
7 14 0.004200
7 15 0.003500
7 16 0.001700
7 17 0.000700
7 18 0.000300
7 19 0.000100
7 20 0.000400
7 22 0.000100
8 2 0.000400
8 3 0.001000
8 4 0.001900
8 5 0.003700
8 6 0.007800
8 7 0.012700
8 8 0.011800
8 9 0.011200
8 10 0.014700
8 11 0.013200
8 12 0.008600
8 13 0.009000
8 14 0.004400
8 15 0.003900
8 16 0.002800
8 17 0.001000
8 18 0.000500
8 19 0.000500
8 20 0.000200
8 21 0.000100
9 2 0.000700
9 3 0.001000
9 4 0.001600
9 5 0.005400
9 6 0.007300
9 7 0.010400
9 8 0.014800
9 9 0.016400
9 10 0.017300
9 11 0.015500
9 12 0.011900
9 13 0.009000
9 14 0.006200
9 15 0.005000
9 16 0.003000
9 17 0.001800
9 18 0.000600
9 19 0.000700
9 20 0.000400
10 1 0.000100
10 2 0.000300
10 3 0.000900
10 4 0.002700
10 5 0.004900
10 6 0.007200
10 7 0.011500
10 8 0.013400
10 9 0.014800
10 10 0.018500
10 11 0.014200
10 12 0.011700
10 13 0.007000
10 14 0.006400
10 15 0.004800
10 16 0.002600
10 17 0.001900
10 18 0.000800
10 19 0.000400
10 20 0.000400
11 2 0.000400
11 3 0.000700
11 4 0.002200
11 5 0.004500
11 6 0.007900
11 7 0.013100
11 8 0.013800
11 9 0.015200
11 10 0.015400
11 11 0.012000
11 12 0.012500
11 13 0.006500
11 14 0.005000
11 15 0.003400
11 16 0.002600
11 17 0.001600
11 18 0.000500
11 19 0.000500
11 20 0.000100
11 21 0.000100
11 22 0.000100
12 1 0.000100
12 2 0.000200
12 3 0.000500
12 4 0.001400
12 5 0.003100
12 6 0.006500
12 7 0.010000
12 8 0.009900
12 9 0.011000
12 10 0.011600
12 11 0.009600
12 12 0.008400
12 13 0.005200
12 14 0.003900
12 15 0.003000
12 16 0.002400
12 17 0.001600
12 18 0.001000
12 19 0.000500
13 2 0.000500
13 3 0.000800
13 4 0.001300
13 5 0.002300
13 6 0.005700
13 7 0.006100
13 8 0.009100
13 9 0.007600
13 10 0.007700
13 11 0.008200
13 12 0.008000
13 13 0.005700
13 14 0.003400
13 15 0.003100
13 16 0.001000
13 17 0.001100
13 18 0.000700
13 19 0.000200
13 20 0.000100
13 22 0.000100
14 2 0.000100
14 3 0.000200
14 4 0.000500
14 5 0.002100
14 6 0.002900
14 7 0.004700
14 8 0.005200
14 9 0.006500
14 10 0.005900
14 11 0.005100
14 12 0.004900
14 13 0.004300
14 14 0.002600
14 15 0.001500
14 16 0.001300
14 17 0.000500
14 18 0.000200
14 19 0.000100
14 21 0.000100
15 1 0.000100
15 2 0.000200
15 3 0.000400
15 4 0.000700
15 5 0.001300
15 6 0.002200
15 7 0.004000
15 8 0.003500
15 9 0.003600
15 10 0.003900
15 11 0.003700
15 12 0.003200
15 13 0.004000
15 14 0.001100
15 15 0.000800
15 16 0.001000
15 17 0.000400
15 18 0.000100
15 19 0.000100
15 20 0.000100
16 3 0.000100
16 4 0.000300
16 5 0.001300
16 6 0.001100
16 7 0.002300
16 8 0.001800
16 9 0.002600
16 10 0.002900
16 11 0.001900
16 12 0.002200
16 13 0.001000
16 14 0.001000
16 15 0.000900
16 16 0.000500
16 17 0.000100
16 18 0.000100
17 2 0.000100
17 3 0.000200
17 4 0.000100
17 5 0.000400
17 6 0.000300
17 7 0.001000
17 8 0.001700
17 9 0.001200
17 10 0.001200
17 11 0.001400
17 12 0.000700
17 13 0.001000
17 14 0.000600
17 15 0.000900
17 16 0.000200
17 17 0.000300
17 19 0.000100
17 22 0.000100
18 2 0.000300
18 4 0.000200
18 5 0.000400
18 6 0.000600
18 7 0.000900
18 8 0.000700
18 9 0.000700
18 10 0.000800
18 11 0.000500
18 12 0.000500
18 13 0.000400
18 15 0.000400
18 16 0.000300
18 17 0.000100
19 4 0.000200
19 5 0.000300
19 6 0.000100
19 7 0.000500
19 8 0.000600
19 9 0.000600
19 10 0.000600
19 11 0.000200
19 12 0.000400
19 13 0.000300
19 14 0.000200
19 16 0.000100
19 17 0.000100
19 18 0.000100
20 5 0.000100
20 6 0.000100
20 8 0.000200
20 9 0.000300
20 10 0.000100
20 12 0.000300
20 16 0.000100
20 18 0.000100
20 19 0.000100
20 20 0.000100
21 5 0.000100
21 7 0.000100
21 10 0.000200
21 11 0.000200
21 13 0.000200
21 14 0.000100
21 15 0.000100
22 5 0.000100
22 10 0.000100
22 11 0.000100
22 17 0.000100
23 8 0.000100
