0 5 0.000100
1 7 0.000200
1 11 0.000200
1 15 0.000100
2 3 0.000100
2 4 0.000100
2 6 0.000200
2 7 0.000100
2 8 0.000200
2 9 0.000500
2 10 0.000200
2 11 0.000500
2 12 0.000200
2 13 0.000200
2 14 0.000100
2 15 0.000100
3 5 0.000600
3 6 0.000200
3 7 0.000700
3 8 0.001500
3 9 0.001000
3 10 0.000700
3 11 0.000400
3 12 0.000900
3 13 0.000500
3 14 0.000600
3 15 0.000200
3 17 0.000100
3 19 0.000100
4 2 0.000200
4 3 0.000200
4 4 0.000300
4 5 0.001100
4 6 0.001100
4 7 0.001900
4 8 0.001200
4 9 0.002000
4 10 0.002700
4 11 0.001600
4 12 0.001600
4 13 0.002100
4 14 0.001200
4 15 0.000900
4 16 0.000500
4 17 0.000300
4 18 0.000300
4 19 0.000100
5 3 0.000200
5 4 0.000500
5 5 0.001900
5 6 0.001700
5 7 0.002700
5 8 0.004700
5 9 0.005300
5 10 0.005000
5 11 0.005100
5 12 0.003300
5 13 0.002700
5 14 0.002100
5 15 0.001500
5 16 0.000600
5 17 0.000300
5 18 0.000100
5 19 0.000200
5 20 0.000200
5 21 0.000200
6 1 0.000100
6 2 0.000300
6 3 0.000100
6 4 0.001000
6 5 0.002300
6 6 0.004700
6 7 0.006300
6 8 0.007000
6 9 0.008700
6 10 0.007700
6 11 0.007500
6 12 0.006300
6 13 0.005000
6 14 0.003800
6 15 0.001300
6 16 0.001900
6 17 0.000800
6 18 0.000600
6 19 0.000200
6 20 0.000200
6 21 0.000100
7 2 0.000300
7 3 0.000800
7 4 0.001100
7 5 0.003700
7 6 0.005800
7 7 0.008500
7 8 0.010100
7 9 0.011900
7 10 0.010500
7 11 0.011100
7 12 0.007900
7 13 0.006300
7 14 0.004900
7 15 0.003300
7 16 0.001800
7 17 0.000800
7 18 0.000900
7 19 0.000200
7 20 0.000300
8 2 0.000300
8 3 0.001100
8 4 0.002400
8 5 0.003800
8 6 0.007400
8 7 0.008200
8 8 0.015200
8 9 0.016400
8 10 0.014500
8 11 0.013900
8 12 0.009800
8 13 0.009100
8 14 0.006200
8 15 0.004100
8 16 0.003100
8 17 0.001700
8 18 0.000200
8 19 0.000600
8 20 0.000400
8 23 0.000100
9 1 0.000100
9 3 0.001000
9 4 0.003200
9 5 0.004100
9 6 0.008300
9 7 0.013100
9 8 0.014600
9 9 0.017100
9 10 0.016800
9 11 0.014800
9 12 0.012400
9 13 0.008700
9 14 0.006100
9 15 0.004000
9 16 0.002200
9 17 0.001900
9 18 0.001600
9 19 0.000300
9 20 0.000200
9 22 0.000100
10 2 0.000200
10 3 0.000600
10 4 0.003400
10 5 0.005000
10 6 0.008900
10 7 0.011600
10 8 0.013900
10 9 0.014000
10 10 0.014200
10 11 0.014800
10 12 0.010700
10 13 0.011100
10 14 0.006600
10 15 0.004600
10 16 0.003400
10 17 0.001600
10 18 0.001300
10 19 0.000600
10 20 0.000100
10 21 0.000100
11 0 0.000100
11 2 0.000200
11 3 0.000600
11 4 0.002000
11 5 0.004300
11 6 0.007100
11 7 0.008600
11 8 0.011600
11 9 0.015400
11 10 0.011600
11 11 0.012400
11 12 0.010800
11 13 0.008100
11 14 0.006900
11 15 0.003400
11 16 0.003300
11 17 0.001200
11 18 0.000900
11 19 0.000500
11 20 0.000200
12 2 0.000300
12 3 0.000800
12 4 0.002400
12 5 0.002300
12 6 0.005900
12 7 0.008400
12 8 0.010600
12 9 0.012500
12 10 0.011200
12 11 0.008900
12 12 0.008000
12 13 0.007800
12 14 0.004100
12 15 0.003300
12 16 0.001900
12 17 0.001500
12 18 0.000400
12 19 0.000200
12 20 0.000100
12 21 0.000100
12 22 0.000100
13 2 0.000200
13 3 0.000800
13 4 0.000800
13 5 0.002300
13 6 0.004500
13 7 0.006800
13 8 0.008900
13 9 0.009700
13 10 0.008700
13 11 0.007700
13 12 0.006700
13 13 0.005100
13 14 0.002800
13 15 0.002100
13 16 0.001500
13 17 0.000900
13 18 0.000400
13 19 0.000500
13 20 0.000200
13 21 0.000100
14 2 0.000200
14 3 0.000500
14 4 0.000800
14 5 0.002400
14 6 0.002300
14 7 0.004700
14 8 0.005400
14 9 0.006500
14 10 0.007200
14 11 0.005500
14 12 0.004600
14 13 0.004300
14 14 0.002000
14 15 0.001900
14 16 0.001100
14 17 0.000600
14 18 0.000200
14 19 0.000300
14 20 0.000100
14 21 0.000100
15 2 0.000200
15 3 0.000200
15 4 0.000400
15 5 0.000900
15 6 0.002100
15 7 0.003000
15 8 0.003400
15 9 0.003400
15 10 0.004100
15 11 0.003700
15 12 0.003100
15 13 0.002900
15 14 0.002200
15 15 0.000800
15 16 0.000800
15 17 0.000500
15 18 0.000100
15 19 0.000100
15 20 0.000100
16 3 0.000100
16 4 0.000500
16 5 0.000600
16 6 0.001200
16 7 0.001300
16 8 0.002300
16 9 0.003600
16 10 0.002600
16 11 0.002700
16 12 0.001600
16 13 0.001400
16 14 0.001100
16 15 0.000600
16 16 0.000600
16 17 0.000200
17 3 0.000200
17 4 0.000300
17 5 0.000500
17 6 0.000800
17 7 0.000900
17 8 0.001100
17 9 0.001400
17 10 0.002100
17 11 0.001100
17 12 0.001600
17 13 0.000600
17 14 0.000600
17 15 0.000200
17 16 0.000300
18 4 0.000100
18 5 0.000300
18 6 0.000400
18 7 0.000400
18 8 0.000400
18 9 0.001300
18 10 0.000900
18 11 0.001500
18 13 0.000300
18 14 0.000500
18 15 0.000200
18 16 0.000200
18 17 0.000200
19 4 0.000100
19 5 0.000300
19 6 0.000100
19 7 0.000500
19 8 0.000400
19 9 0.000700
19 10 0.000400
19 11 0.000400
19 12 0.000600
19 13 0.000300
19 14 0.000400
19 16 0.000100
19 17 0.000100
20 5 0.000100
20 6 0.000200
20 8 0.000100
20 9 0.000300
20 11 0.000400
20 12 0.000300
20 13 0.000100
21 5 0.000100
21 6 0.000100
21 8 0.000300
21 9 0.000100
21 10 0.000300
21 11 0.000100
21 12 0.000200
21 13 0.000100
22 7 0.000100
22 10 0.000100
24 7 0.000100
24 8 0.000100
26 7 0.000100
