1 5 0.000100
1 8 0.000100
1 9 0.000100
1 10 0.000100
1 12 0.000100
1 15 0.000100
2 2 0.000100
2 7 0.000200
2 8 0.000200
2 9 0.000300
2 10 0.000400
2 11 0.000300
2 12 0.000300
2 13 0.000100
2 14 0.000100
2 15 0.000100
3 2 0.000100
3 5 0.000500
3 6 0.000900
3 7 0.000900
3 8 0.000700
3 9 0.000700
3 10 0.000400
3 11 0.000400
3 12 0.000800
3 13 0.000400
3 14 0.000500
3 15 0.000300
3 16 0.000100
4 3 0.000100
4 4 0.000400
4 5 0.000500
4 6 0.001200
4 7 0.001400
4 8 0.001700
4 9 0.002500
4 10 0.002800
4 11 0.002000
4 12 0.001900
4 13 0.001700
4 14 0.001400
4 15 0.000900
4 16 0.000800
4 17 0.000100
4 18 0.000100
5 2 0.000100
5 3 0.000200
5 4 0.000300
5 5 0.001700
5 6 0.002400
5 7 0.002900
5 8 0.003500
5 9 0.004700
5 10 0.004800
5 11 0.003900
5 12 0.004100
5 13 0.004200
5 14 0.001200
5 15 0.001400
5 16 0.000900
5 17 0.000200
5 18 0.000300
5 19 0.000200
5 20 0.000100
6 1 0.000200
6 2 0.000200
6 3 0.000600
6 4 0.001000
6 5 0.002600
6 6 0.004500
6 7 0.006000
6 8 0.007300
6 9 0.007200
6 10 0.008000
6 11 0.008100
6 12 0.005800
6 13 0.004600
6 14 0.003300
6 15 0.002100
6 16 0.001700
6 17 0.000600
6 18 0.000200
6 19 0.000300
6 20 0.000500
6 21 0.000100
6 24 0.000100
7 1 0.000100
7 2 0.000300
7 3 0.000800
7 4 0.002100
7 5 0.004200
7 6 0.007000
7 7 0.008000
7 8 0.009600
7 9 0.011900
7 10 0.013000
7 11 0.009900
7 12 0.008500
7 13 0.005800
7 14 0.004700
7 15 0.003300
7 16 0.001700
7 17 0.001600
7 18 0.000600
7 19 0.000100
7 20 0.000300
7 21 0.000200
7 22 0.000100
8 2 0.000100
8 3 0.000600
8 4 0.001900
8 5 0.004500
8 6 0.009100
8 7 0.009800
8 8 0.014200
8 9 0.014200
8 10 0.013800
8 11 0.012200
8 12 0.013100
8 13 0.007100
8 14 0.005100
8 15 0.004200
8 16 0.003200
8 17 0.001400
8 18 0.000600
8 19 0.000400
8 20 0.000400
8 23 0.000100
9 2 0.000100
9 3 0.001100
9 4 0.001500
9 5 0.004600
9 6 0.008100
9 7 0.011900
9 8 0.013900
9 9 0.016300
9 10 0.018300
9 11 0.013100
9 12 0.011400
9 13 0.008200
9 14 0.006900
9 15 0.003100
9 16 0.002900
9 17 0.002100
9 18 0.001300
9 19 0.000600
9 20 0.000100
9 24 0.000200
10 1 0.000100
10 2 0.000700
10 3 0.000300
10 4 0.001900
10 5 0.004900
10 6 0.007800
10 7 0.011000
10 8 0.014300
10 9 0.015600
10 10 0.017000
10 11 0.014800
10 12 0.009200
10 13 0.009600
10 14 0.007200
10 15 0.004400
10 16 0.002800
10 17 0.001100
10 18 0.000800
10 19 0.000500
10 20 0.000300
10 21 0.000100
11 2 0.000300
11 3 0.000700
11 4 0.002100
11 5 0.004400
11 6 0.005800
11 7 0.011200
11 8 0.012300
11 9 0.014800
11 10 0.016500
11 11 0.012300
11 12 0.011300
11 13 0.006900
11 14 0.004800
11 15 0.004000
11 16 0.002500
11 17 0.001200
11 18 0.000900
11 19 0.000500
11 20 0.000200
11 21 0.000100
12 2 0.000100
12 3 0.001200
12 4 0.001600
12 5 0.003300
12 6 0.005400
12 7 0.008200
12 8 0.011700
12 9 0.011200
12 10 0.014500
12 11 0.009200
12 12 0.008400
12 13 0.007200
12 14 0.004500
12 15 0.002100
12 16 0.002500
12 17 0.002000
12 18 0.000300
12 19 0.000200
12 21 0.000200
12 22 0.000100
13 3 0.000700
13 4 0.001500
13 5 0.002900
13 6 0.004700
13 7 0.006500
13 8 0.009900
13 9 0.008700
13 10 0.008200
13 11 0.009500
13 12 0.007500
13 13 0.004800
13 14 0.003300
13 15 0.002900
13 16 0.002400
13 17 0.000700
13 18 0.000700
13 19 0.000300
13 20 0.000100
13 21 0.000100
13 23 0.000100
14 2 0.000100
14 3 0.000300
14 4 0.001100
14 5 0.001700
14 6 0.002800
14 7 0.004900
14 8 0.006200
14 9 0.005300
14 10 0.006100
14 11 0.005700
14 12 0.005100
14 13 0.003400
14 14 0.002600
14 15 0.002200
14 16 0.001200
14 17 0.000600
14 18 0.000600
14 19 0.000400
14 20 0.000100
15 1 0.000100
15 3 0.000300
15 4 0.000600
15 5 0.001300
15 6 0.001400
15 7 0.004100
15 8 0.002900
15 9 0.003000
15 10 0.004200
15 11 0.003900
15 12 0.003400
15 13 0.002500
15 14 0.001400
15 15 0.000800
15 16 0.000700
15 17 0.000500
15 18 0.000400
15 19 0.000100
15 21 0.000100
16 4 0.000400
16 5 0.000600
16 6 0.001200
16 7 0.002300
16 8 0.002400
16 9 0.002400
16 10 0.002300
16 11 0.001100
16 12 0.001300
16 13 0.001500
16 14 0.000500
16 15 0.000800
16 16 0.001300
16 17 0.000500
16 18 0.000100
16 19 0.000300
17 1 0.000100
17 3 0.000100
17 4 0.000300
17 5 0.000500
17 6 0.000800
17 7 0.001400
17 8 0.001500
17 9 0.001500
17 10 0.001900
17 11 0.001500
17 12 0.001600
17 13 0.000400
17 14 0.001100
17 15 0.000400
17 19 0.000200
18 3 0.000200
18 4 0.000200
18 5 0.000400
18 6 0.000400
18 7 0.000700
18 8 0.000600
18 9 0.000700
18 10 0.001200
18 11 0.000700
18 12 0.000100
18 13 0.000500
18 14 0.000200
18 15 0.000200
18 19 0.000100
19 5 0.000200
19 6 0.000300
19 8 0.000100
19 9 0.000400
19 10 0.000600
19 11 0.000400
19 12 0.000100
19 14 0.000100
19 15 0.000100
19 17 0.000100
19 18 0.000100
20 7 0.000200
20 8 0.000100
20 9 0.000300
20 10 0.000200
20 11 0.000500
20 12 0.000100
20 13 0.000200
21 5 0.000100
21 6 0.000200
21 7 0.000200
21 8 0.000300
21 9 0.000100
21 10 0.000400
21 11 0.000100
21 13 0.000100
21 14 0.000200
22 8 0.000100
22 13 0.000100
23 6 0.000100
23 10 0.000100
24 10 0.000100
