   0.0000000e+00   1.0000000e-03
   1.0000000e-02   1.9637552e-02
   2.0000000e-02   2.2707226e-02
   3.0000000e-02   2.6854171e-02
   4.0000000e-02   3.2793125e-02
   5.0000000e-02   4.1982474e-02
   6.0000000e-02   5.7803316e-02
   7.0000000e-02   8.9958073e-02
   8.0000000e-02   1.6828825e-01
   9.0000000e-02   3.2278851e-01
   1.0000000e-01   4.8377146e-01
   1.1000000e-01   6.0758738e-01
   1.2000000e-01   6.9855120e-01
   1.3000000e-01   7.6585253e-01
   1.4000000e-01   8.1637451e-01
   1.5000000e-01   8.5484080e-01
   1.6000000e-01   8.8448370e-01
   1.7000000e-01   9.0756624e-01
   1.8000000e-01   9.2569700e-01
   1.9000000e-01   9.4004236e-01
   2.0000000e-01   9.5146252e-01
   2.1000000e-01   9.6060145e-01
   2.2000000e-01   9.6794733e-01
   2.3000000e-01   9.7387304e-01
   2.4000000e-01   9.7866850e-01
   2.5000000e-01   9.8255941e-01
   2.6000000e-01   9.8572340e-01
   2.7000000e-01   9.8830111e-01
   2.8000000e-01   9.9040448e-01
   2.9000000e-01   9.9212308e-01
   3.0000000e-01   9.9352887e-01
   3.1000000e-01   9.9467993e-01
   3.2000000e-01   9.9562318e-01
   3.3000000e-01   9.9639666e-01
   3.4000000e-01   9.9703152e-01
   3.5000000e-01   9.9755288e-01
   3.6000000e-01   9.9798111e-01
   3.7000000e-01   9.9833334e-01
   3.8000000e-01   9.9862283e-01
   3.9000000e-01   9.9886122e-01
   4.0000000e-01   9.9905764e-01
   4.1000000e-01   9.9921955e-01
   4.2000000e-01   9.9935307e-01
   4.3000000e-01   9.9946340e-01
   4.4000000e-01   9.9955443e-01
   4.5000000e-01   9.9962975e-01
   4.6000000e-01   9.9969213e-01
   4.7000000e-01   9.9974375e-01
   4.8000000e-01   9.9978666e-01
   4.9000000e-01   9.9982230e-01
   5.0000000e-01   9.9985184e-01
   5.1000000e-01   9.9987646e-01
   5.2000000e-01   9.9989695e-01
   5.3000000e-01   9.9991404e-01
   5.4000000e-01   9.9992828e-01
   5.5000000e-01   9.9994019e-01
   5.6000000e-01   9.9995015e-01
   5.7000000e-01   9.9995845e-01
   5.8000000e-01   9.9996540e-01
   5.9000000e-01   9.9997122e-01
   6.0000000e-01   9.9997609e-01
   6.1000000e-01   9.9998015e-01
   6.2000000e-01   9.9998355e-01
   6.3000000e-01   9.9998639e-01
   6.4000000e-01   9.9998877e-01
   6.5000000e-01   9.9999075e-01
   6.6000000e-01   9.9999240e-01
   6.7000000e-01   9.9999377e-01
   6.8000000e-01   9.9999491e-01
   6.9000000e-01   9.9999586e-01
   7.0000000e-01   9.9999664e-01
   7.1000000e-01   9.9999728e-01
   7.2000000e-01   9.9999782e-01
   7.3000000e-01   9.9999825e-01
   7.4000000e-01   9.9999861e-01
   7.5000000e-01   9.9999890e-01
   7.6000000e-01   9.9999914e-01
   7.7000000e-01   9.9999933e-01
   7.8000000e-01   9.9999948e-01
   7.9000000e-01   9.9999960e-01
   8.0000000e-01   9.9999970e-01
   8.1000000e-01   9.9999977e-01
   8.2000000e-01   9.9999983e-01
   8.3000000e-01   9.9999988e-01
   8.4000000e-01   9.9999991e-01
   8.5000000e-01   9.9999994e-01
   8.6000000e-01   9.9999996e-01
   8.7000000e-01   9.9999997e-01
   8.8000000e-01   9.9999998e-01
   8.9000000e-01   9.9999999e-01
   9.0000000e-01   9.9999999e-01
   9.1000000e-01   1.0000000e+00
   9.2000000e-01   1.0000000e+00
   9.3000000e-01   1.0000000e+00
   9.4000000e-01   1.0000000e+00
   9.5000000e-01   1.0000000e+00
   9.6000000e-01   1.0000000e+00
   9.7000000e-01   1.0000000e+00
   9.8000000e-01   1.0000000e+00
   9.9000000e-01   1.0000000e+00
   1.0000000e+00   1.0000000e+00
