   0.0000000e+00   1.0000000e-03
   1.0000000e-02   1.2449932e-01
   2.0000000e-02   1.3729288e-01
   3.0000000e-02   1.5267656e-01
   4.0000000e-02   1.7137106e-01
   5.0000000e-02   1.9429191e-01
   6.0000000e-02   2.2253267e-01
   7.0000000e-02   2.5723132e-01
   8.0000000e-02   2.9921840e-01
   9.0000000e-02   3.4843021e-01
   1.0000000e-01   4.0338468e-01
   1.1000000e-01   4.6128919e-01
   1.2000000e-01   5.1892843e-01
   1.3000000e-01   5.7366765e-01
   1.4000000e-01   6.2390616e-01
   1.5000000e-01   6.6898207e-01
   1.6000000e-01   7.0886452e-01
   1.7000000e-01   7.4386857e-01
   1.8000000e-01   7.7446195e-01
   1.9000000e-01   8.0115342e-01
   2.0000000e-01   8.2443527e-01
   2.1000000e-01   8.4475750e-01
   2.2000000e-01   8.6251898e-01
   2.3000000e-01   8.7806722e-01
   2.4000000e-01   8.9170208e-01
   2.5000000e-01   9.0368097e-01
   2.6000000e-01   9.1422442e-01
   2.7000000e-01   9.2352120e-01
   2.8000000e-01   9.3173305e-01
   2.9000000e-01   9.3899871e-01
   3.0000000e-01   9.4543742e-01
   3.1000000e-01   9.5115189e-01
   3.2000000e-01   9.5623075e-01
   3.3000000e-01   9.6075072e-01
   3.4000000e-01   9.6477830e-01
   3.5000000e-01   9.6837133e-01
   3.6000000e-01   9.7158019e-01
   3.7000000e-01   9.7444887e-01
   3.8000000e-01   9.7701587e-01
   3.9000000e-01   9.7931496e-01
   4.0000000e-01   9.8137578e-01
   4.1000000e-01   9.8322446e-01
   4.2000000e-01   9.8488401e-01
   4.3000000e-01   9.8637477e-01
   4.4000000e-01   9.8771474e-01
   4.5000000e-01   9.8891987e-01
   4.6000000e-01   9.9000430e-01
   4.7000000e-01   9.9098060e-01
   4.8000000e-01   9.9185996e-01
   4.9000000e-01   9.9265239e-01
   5.0000000e-01   9.9336668e-01
   5.1000000e-01   9.9401085e-01
   5.2000000e-01   9.9459194e-01
   5.3000000e-01   9.9511631e-01
   5.4000000e-01   9.9558965e-01
   5.5000000e-01   9.9601705e-01
   5.6000000e-01   9.9640303e-01
   5.7000000e-01   9.9675173e-01
   5.8000000e-01   9.9706681e-01
   5.9000000e-01   9.9735155e-01
   6.0000000e-01   9.9760908e-01
   6.1000000e-01   9.9784175e-01
   6.2000000e-01   9.9805219e-01
   6.3000000e-01   9.9824257e-01
   6.4000000e-01   9.9841478e-01
   6.5000000e-01   9.9857060e-01
   6.6000000e-01   9.9871160e-01
   6.7000000e-01   9.9883922e-01
   6.8000000e-01   9.9895477e-01
   6.9000000e-01   9.9905936e-01
   7.0000000e-01   9.9915408e-01
   7.1000000e-01   9.9923989e-01
   7.2000000e-01   9.9931759e-01
   7.3000000e-01   9.9938801e-01
   7.4000000e-01   9.9945181e-01
   7.5000000e-01   9.9950964e-01
   7.6000000e-01   9.9956207e-01
   7.7000000e-01   9.9960959e-01
   7.8000000e-01   9.9965266e-01
   7.9000000e-01   9.9969174e-01
   8.0000000e-01   9.9972717e-01
   8.1000000e-01   9.9975930e-01
   8.2000000e-01   9.9978843e-01
   8.3000000e-01   9.9981483e-01
   8.4000000e-01   9.9983874e-01
   8.5000000e-01   9.9986040e-01
   8.6000000e-01   9.9987999e-01
   8.7000000e-01   9.9989766e-01
   8.8000000e-01   9.9991360e-01
   8.9000000e-01   9.9992792e-01
   9.0000000e-01   9.9994074e-01
   9.1000000e-01   9.9995215e-01
   9.2000000e-01   9.9996224e-01
   9.3000000e-01   9.9997106e-01
   9.4000000e-01   9.9997868e-01
   9.5000000e-01   9.9998512e-01
   9.6000000e-01   9.9999042e-01
   9.7000000e-01   9.9999456e-01
   9.8000000e-01   9.9999756e-01
   9.9000000e-01   9.9999938e-01
   1.0000000e+00   1.0000000e+00
