   0.0000000e+00   1.0000000e-03
   1.0000000e-02   1.1102491e-03
   2.0000000e-02   1.2477781e-03
   3.0000000e-02   1.4241326e-03
   4.0000000e-02   1.6584285e-03
   5.0000000e-02   1.9847673e-03
   6.0000000e-02   2.4704412e-03
   7.0000000e-02   3.2690150e-03
   8.0000000e-02   4.8214475e-03
   9.0000000e-02   9.0686414e-03
   1.0000000e-01   3.7719694e-02
   1.1000000e-01   1.7583606e-01
   1.2000000e-01   3.1218700e-01
   1.3000000e-01   4.2307478e-01
   1.4000000e-01   5.1327240e-01
   1.5000000e-01   5.8727450e-01
   1.6000000e-01   6.4852754e-01
   1.7000000e-01   6.9962989e-01
   1.8000000e-01   7.4255607e-01
   1.9000000e-01   7.7882616e-01
   2.0000000e-01   8.0962574e-01
   2.1000000e-01   8.3589066e-01
   2.2000000e-01   8.5836973e-01
   2.3000000e-01   8.7766635e-01
   2.4000000e-01   8.9427285e-01
   2.5000000e-01   9.0859466e-01
   2.6000000e-01   9.2096667e-01
   2.7000000e-01   9.3166868e-01
   2.8000000e-01   9.4093542e-01
   2.9000000e-01   9.4896633e-01
   3.0000000e-01   9.5592993e-01
   3.1000000e-01   9.6196962e-01
   3.2000000e-01   9.6720814e-01
   3.3000000e-01   9.7175160e-01
   3.4000000e-01   9.7569147e-01
   3.5000000e-01   9.7910576e-01
   3.6000000e-01   9.8206322e-01
   3.7000000e-01   9.8462297e-01
   3.8000000e-01   9.8683663e-01
   3.9000000e-01   9.8874902e-01
   4.0000000e-01   9.9039931e-01
   4.1000000e-01   9.9182160e-01
   4.2000000e-01   9.9304575e-01
   4.3000000e-01   9.9409783e-01
   4.4000000e-01   9.9500060e-01
   4.5000000e-01   9.9577396e-01
   4.6000000e-01   9.9643529e-01
   4.7000000e-01   9.9699975e-01
   4.8000000e-01   9.9748060e-01
   4.9000000e-01   9.9788940e-01
   5.0000000e-01   9.9823615e-01
   5.1000000e-01   9.9852976e-01
   5.2000000e-01   9.9877764e-01
   5.3000000e-01   9.9898645e-01
   5.4000000e-01   9.9916196e-01
   5.5000000e-01   9.9930905e-01
   5.6000000e-01   9.9943208e-01
   5.7000000e-01   9.9953463e-01
   5.8000000e-01   9.9961986e-01
   5.9000000e-01   9.9969052e-01
   6.0000000e-01   9.9974893e-01
   6.1000000e-01   9.9979703e-01
   6.2000000e-01   9.9983656e-01
   6.3000000e-01   9.9986888e-01
   6.4000000e-01   9.9989524e-01
   6.5000000e-01   9.9991667e-01
   6.6000000e-01   9.9993401e-01
   6.7000000e-01   9.9994800e-01
   6.8000000e-01   9.9995922e-01
   6.9000000e-01   9.9996819e-01
   7.0000000e-01   9.9997533e-01
   7.1000000e-01   9.9998098e-01
   7.2000000e-01   9.9998544e-01
   7.3000000e-01   9.9998892e-01
   7.4000000e-01   9.9999164e-01
   7.5000000e-01   9.9999374e-01
   7.6000000e-01   9.9999535e-01
   7.7000000e-01   9.9999658e-01
   7.8000000e-01   9.9999752e-01
   7.9000000e-01   9.9999821e-01
   8.0000000e-01   9.9999873e-01
   8.1000000e-01   9.9999911e-01
   8.2000000e-01   9.9999939e-01
   8.3000000e-01   9.9999959e-01
   8.4000000e-01   9.9999973e-01
   8.5000000e-01   9.9999982e-01
   8.6000000e-01   9.9999989e-01
   8.7000000e-01   9.9999993e-01
   8.8000000e-01   9.9999996e-01
   8.9000000e-01   9.9999998e-01
   9.0000000e-01   9.9999999e-01
   9.1000000e-01   9.9999999e-01
   9.2000000e-01   1.0000000e+00
   9.3000000e-01   1.0000000e+00
   9.4000000e-01   1.0000000e+00
   9.5000000e-01   1.0000000e+00
   9.6000000e-01   1.0000000e+00
   9.7000000e-01   1.0000000e+00
   9.8000000e-01   1.0000000e+00
   9.9000000e-01   1.0000000e+00
   1.0000000e+00   1.0000000e+00
