   0.0000000e+00   1.0000000e-03
   1.0000000e-02   5.9453872e-02
   2.0000000e-02   7.6823628e-02
   3.0000000e-02   1.0678754e-01
   4.0000000e-02   1.6457986e-01
   5.0000000e-02   2.7518835e-01
   6.0000000e-02   4.2637014e-01
   7.0000000e-02   5.6459069e-01
   8.0000000e-02   6.7077579e-01
   9.0000000e-02   7.4915236e-01
   1.0000000e-01   8.0698958e-01
   1.1000000e-01   8.5009496e-01
   1.2000000e-01   8.8260229e-01
   1.3000000e-01   9.0739592e-01
   1.4000000e-01   9.2649909e-01
   1.5000000e-01   9.4134935e-01
   1.6000000e-01   9.5298300e-01
   1.7000000e-01   9.6215793e-01
   1.8000000e-01   9.6943579e-01
   1.9000000e-01   9.7523791e-01
   2.0000000e-01   9.7988377e-01
   2.1000000e-01   9.8361801e-01
   2.2000000e-01   9.8662953e-01
   2.3000000e-01   9.8906544e-01
   2.4000000e-01   9.9104087e-01
   2.5000000e-01   9.9264662e-01
   2.6000000e-01   9.9395453e-01
   2.7000000e-01   9.9502194e-01
   2.8000000e-01   9.9589466e-01
   2.9000000e-01   9.9660926e-01
   3.0000000e-01   9.9719541e-01
   3.1000000e-01   9.9767693e-01
   3.2000000e-01   9.9807279e-01
   3.3000000e-01   9.9839909e-01
   3.4000000e-01   9.9866777e-01
   3.5000000e-01   9.9889001e-01
   3.6000000e-01   9.9907365e-01
   3.7000000e-01   9.9922577e-01
   3.8000000e-01   9.9935209e-01
   3.9000000e-01   9.9945685e-01
   4.0000000e-01   9.9954405e-01
   4.1000000e-01   9.9961668e-01
   4.2000000e-01   9.9967735e-01
   4.3000000e-01   9.9972793e-01
   4.4000000e-01   9.9977039e-01
   4.5000000e-01   9.9980590e-01
   4.6000000e-01   9.9983575e-01
   4.7000000e-01   9.9986085e-01
   4.8000000e-01   9.9988200e-01
   4.9000000e-01   9.9989986e-01
   5.0000000e-01   9.9991495e-01
   5.1000000e-01   9.9992774e-01
   5.2000000e-01   9.9993857e-01
   5.3000000e-01   9.9994777e-01
   5.4000000e-01   9.9995559e-01
   5.5000000e-01   9.9996225e-01
   5.6000000e-01   9.9996793e-01
   5.7000000e-01   9.9997275e-01
   5.8000000e-01   9.9997687e-01
   5.9000000e-01   9.9998039e-01
   6.0000000e-01   9.9998339e-01
   6.1000000e-01   9.9998595e-01
   6.2000000e-01   9.9998814e-01
   6.3000000e-01   9.9999001e-01
   6.4000000e-01   9.9999161e-01
   6.5000000e-01   9.9999296e-01
   6.6000000e-01   9.9999411e-01
   6.7000000e-01   9.9999509e-01
   6.8000000e-01   9.9999593e-01
   6.9000000e-01   9.9999663e-01
   7.0000000e-01   9.9999722e-01
   7.1000000e-01   9.9999773e-01
   7.2000000e-01   9.9999814e-01
   7.3000000e-01   9.9999849e-01
   7.4000000e-01   9.9999879e-01
   7.5000000e-01   9.9999903e-01
   7.6000000e-01   9.9999923e-01
   7.7000000e-01   9.9999939e-01
   7.8000000e-01   9.9999952e-01
   7.9000000e-01   9.9999963e-01
   8.0000000e-01   9.9999972e-01
   8.1000000e-01   9.9999979e-01
   8.2000000e-01   9.9999984e-01
   8.3000000e-01   9.9999988e-01
   8.4000000e-01   9.9999992e-01
   8.5000000e-01   9.9999994e-01
   8.6000000e-01   9.9999996e-01
   8.7000000e-01   9.9999997e-01
   8.8000000e-01   9.9999998e-01
   8.9000000e-01   9.9999999e-01
   9.0000000e-01   9.9999999e-01
   9.1000000e-01   1.0000000e+00
   9.2000000e-01   1.0000000e+00
   9.3000000e-01   1.0000000e+00
   9.4000000e-01   1.0000000e+00
   9.5000000e-01   1.0000000e+00
   9.6000000e-01   1.0000000e+00
   9.7000000e-01   1.0000000e+00
   9.8000000e-01   1.0000000e+00
   9.9000000e-01   1.0000000e+00
   1.0000000e+00   1.0000000e+00
