   0.0000000e+00   1.0000000e-03
   1.0000000e-02   7.5337841e-02
   2.0000000e-02   8.3842505e-02
   3.0000000e-02   9.4380240e-02
   4.0000000e-02   1.0770764e-01
   5.0000000e-02   1.2495136e-01
   6.0000000e-02   1.4779745e-01
   7.0000000e-02   1.7870093e-01
   8.0000000e-02   2.2087653e-01
   9.0000000e-02   2.7735729e-01
   1.0000000e-01   3.4839315e-01
   1.1000000e-01   4.2903713e-01
   1.2000000e-01   5.1104666e-01
   1.3000000e-01   5.8753376e-01
   1.4000000e-01   6.5501904e-01
   1.5000000e-01   7.1270082e-01
   1.6000000e-01   7.6117011e-01
   1.7000000e-01   8.0154842e-01
   1.8000000e-01   8.3504997e-01
   1.9000000e-01   8.6281163e-01
   2.0000000e-01   8.8581754e-01
   2.1000000e-01   9.0489575e-01
   2.2000000e-01   9.2073764e-01
   2.3000000e-01   9.3390731e-01
   2.4000000e-01   9.4487032e-01
   2.5000000e-01   9.5400594e-01
   2.6000000e-01   9.6162688e-01
   2.7000000e-01   9.6798915e-01
   2.8000000e-01   9.7330403e-01
   2.9000000e-01   9.7774598e-01
   3.0000000e-01   9.8145910e-01
   3.1000000e-01   9.8456343e-01
   3.2000000e-01   9.8715813e-01
   3.3000000e-01   9.8932645e-01
   3.4000000e-01   9.9113765e-01
   3.5000000e-01   9.9264955e-01
   3.6000000e-01   9.9391081e-01
   3.7000000e-01   9.9496204e-01
   3.8000000e-01   9.9583737e-01
   3.9000000e-01   9.9656547e-01
   4.0000000e-01   9.9717037e-01
   4.1000000e-01   9.9767208e-01
   4.2000000e-01   9.9808821e-01
   4.3000000e-01   9.9843244e-01
   4.4000000e-01   9.9871669e-01
   4.5000000e-01   9.9895125e-01
   4.6000000e-01   9.9914458e-01
   4.7000000e-01   9.9930337e-01
   4.8000000e-01   9.9943377e-01
   4.9000000e-01   9.9954061e-01
   5.0000000e-01   9.9962801e-01
   5.1000000e-01   9.9969939e-01
   5.2000000e-01   9.9975753e-01
   5.3000000e-01   9.9980483e-01
   5.4000000e-01   9.9984325e-01
   5.5000000e-01   9.9987439e-01
   5.6000000e-01   9.9989954e-01
   5.7000000e-01   9.9991985e-01
   5.8000000e-01   9.9993620e-01
   5.9000000e-01   9.9994935e-01
   6.0000000e-01   9.9995990e-01
   6.1000000e-01   9.9996832e-01
   6.2000000e-01   9.9997505e-01
   6.3000000e-01   9.9998042e-01
   6.4000000e-01   9.9998467e-01
   6.5000000e-01   9.9998804e-01
   6.6000000e-01   9.9999071e-01
   6.7000000e-01   9.9999280e-01
   6.8000000e-01   9.9999445e-01
   6.9000000e-01   9.9999574e-01
   7.0000000e-01   9.9999675e-01
   7.1000000e-01   9.9999753e-01
   7.2000000e-01   9.9999813e-01
   7.3000000e-01   9.9999860e-01
   7.4000000e-01   9.9999895e-01
   7.5000000e-01   9.9999922e-01
   7.6000000e-01   9.9999943e-01
   7.7000000e-01   9.9999959e-01
   7.8000000e-01   9.9999970e-01
   7.9000000e-01   9.9999979e-01
   8.0000000e-01   9.9999985e-01
   8.1000000e-01   9.9999990e-01
   8.2000000e-01   9.9999993e-01
   8.3000000e-01   9.9999995e-01
   8.4000000e-01   9.9999997e-01
   8.5000000e-01   9.9999998e-01
   8.6000000e-01   9.9999999e-01
   8.7000000e-01   9.9999999e-01
   8.8000000e-01   1.0000000e+00
   8.9000000e-01   1.0000000e+00
   9.0000000e-01   1.0000000e+00
   9.1000000e-01   1.0000000e+00
   9.2000000e-01   1.0000000e+00
   9.3000000e-01   1.0000000e+00
   9.4000000e-01   1.0000000e+00
   9.5000000e-01   1.0000000e+00
   9.6000000e-01   1.0000000e+00
   9.7000000e-01   1.0000000e+00
   9.8000000e-01   1.0000000e+00
   9.9000000e-01   1.0000000e+00
   1.0000000e+00   1.0000000e+00
