   0.0000000e+00   1.0000000e-03
   1.0000000e-02   1.6499500e-01
   2.0000000e-02   1.8114147e-01
   3.0000000e-02   2.0031282e-01
   4.0000000e-02   2.2324787e-01
   5.0000000e-02   2.5083107e-01
   6.0000000e-02   2.8403580e-01
   7.0000000e-02   3.2375232e-01
   8.0000000e-02   3.7044601e-01
   9.0000000e-02   4.2368012e-01
   1.0000000e-01   4.8176889e-01
   1.1000000e-01   5.4193454e-01
   1.2000000e-01   6.0106334e-01
   1.3000000e-01   6.5655276e-01
   1.4000000e-01   7.0677351e-01
   1.5000000e-01   7.5104820e-01
   1.6000000e-01   7.8938162e-01
   1.7000000e-01   8.2218056e-01
   1.8000000e-01   8.5003420e-01
   1.9000000e-01   8.7357851e-01
   2.0000000e-01   8.9342852e-01
   2.1000000e-01   9.1014004e-01
   2.2000000e-01   9.2420292e-01
   2.3000000e-01   9.3603523e-01
   2.4000000e-01   9.4599534e-01
   2.5000000e-01   9.5438178e-01
   2.6000000e-01   9.6144818e-01
   2.7000000e-01   9.6740500e-01
   2.8000000e-01   9.7242954e-01
   2.9000000e-01   9.7667012e-01
   3.0000000e-01   9.8025034e-01
   3.1000000e-01   9.8327500e-01
   3.2000000e-01   9.8583062e-01
   3.3000000e-01   9.8799134e-01
   3.4000000e-01   9.8981852e-01
   3.5000000e-01   9.9136422e-01
   3.6000000e-01   9.9267213e-01
   3.7000000e-01   9.9377929e-01
   3.8000000e-01   9.9471675e-01
   3.9000000e-01   9.9551071e-01
   4.0000000e-01   9.9618354e-01
   4.1000000e-01   9.9675391e-01
   4.2000000e-01   9.9723761e-01
   4.3000000e-01   9.9764803e-01
   4.4000000e-01   9.9799628e-01
   4.5000000e-01   9.9829251e-01
   4.6000000e-01   9.9854408e-01
   4.7000000e-01   9.9875824e-01
   4.8000000e-01   9.9894038e-01
   4.9000000e-01   9.9909556e-01
   5.0000000e-01   9.9922782e-01
   5.1000000e-01   9.9934079e-01
   5.2000000e-01   9.9943720e-01
   5.3000000e-01   9.9951952e-01
   5.4000000e-01   9.9958993e-01
   5.5000000e-01   9.9965014e-01
   5.6000000e-01   9.9970169e-01
   5.7000000e-01   9.9974584e-01
   5.8000000e-01   9.9978360e-01
   5.9000000e-01   9.9981597e-01
   6.0000000e-01   9.9984370e-01
   6.1000000e-01   9.9986742e-01
   6.2000000e-01   9.9988775e-01
   6.3000000e-01   9.9990514e-01
   6.4000000e-01   9.9992000e-01
   6.5000000e-01   9.9993270e-01
   6.6000000e-01   9.9994353e-01
   6.7000000e-01   9.9995275e-01
   6.8000000e-01   9.9996060e-01
   6.9000000e-01   9.9996726e-01
   7.0000000e-01   9.9997290e-01
   7.1000000e-01   9.9997766e-01
   7.2000000e-01   9.9998168e-01
   7.3000000e-01   9.9998505e-01
   7.4000000e-01   9.9998787e-01
   7.5000000e-01   9.9999021e-01
   7.6000000e-01   9.9999216e-01
   7.7000000e-01   9.9999377e-01
   7.8000000e-01   9.9999509e-01
   7.9000000e-01   9.9999616e-01
   8.0000000e-01   9.9999703e-01
   8.1000000e-01   9.9999773e-01
   8.2000000e-01   9.9999829e-01
   8.3000000e-01   9.9999873e-01
   8.4000000e-01   9.9999907e-01
   8.5000000e-01   9.9999933e-01
   8.6000000e-01   9.9999953e-01
   8.7000000e-01   9.9999968e-01
   8.8000000e-01   9.9999979e-01
   8.9000000e-01   9.9999986e-01
   9.0000000e-01   9.9999991e-01
   9.1000000e-01   9.9999995e-01
   9.2000000e-01   9.9999997e-01
   9.3000000e-01   9.9999999e-01
   9.4000000e-01   9.9999999e-01
   9.5000000e-01   1.0000000e+00
   9.6000000e-01   1.0000000e+00
   9.7000000e-01   1.0000000e+00
   9.8000000e-01   1.0000000e+00
   9.9000000e-01   1.0000000e+00
   1.0000000e+00   1.0000000e+00
