   0.0000000e+00   1.0000000e-03
   1.0000000e-02   5.5908734e-03
   2.0000000e-02   6.2791077e-03
   3.0000000e-02   7.1594567e-03
   4.0000000e-02   8.3247645e-03
   5.0000000e-02   9.9384694e-03
   6.0000000e-02   1.2316167e-02
   7.0000000e-02   1.6150170e-02
   8.0000000e-02   2.3266083e-02
   9.0000000e-02   3.9936422e-02
   1.0000000e-01   9.1414013e-02
   1.1000000e-01   2.0337040e-01
   1.2000000e-01   3.2426586e-01
   1.3000000e-01   4.2812847e-01
   1.4000000e-01   5.1420582e-01
   1.5000000e-01   5.8539877e-01
   1.6000000e-01   6.4457495e-01
   1.7000000e-01   6.9408155e-01
   1.8000000e-01   7.3576763e-01
   1.9000000e-01   7.7108137e-01
   2.0000000e-01   8.0116160e-01
   2.1000000e-01   8.2691040e-01
   2.2000000e-01   8.4904832e-01
   2.3000000e-01   8.6815577e-01
   2.4000000e-01   8.8470414e-01
   2.5000000e-01   8.9907916e-01
   2.6000000e-01   9.1159896e-01
   2.7000000e-01   9.2252757e-01
   2.8000000e-01   9.3208568e-01
   2.9000000e-01   9.4045876e-01
   3.0000000e-01   9.4780367e-01
   3.1000000e-01   9.5425357e-01
   3.2000000e-01   9.5992242e-01
   3.3000000e-01   9.6490779e-01
   3.4000000e-01   9.6929397e-01
   3.5000000e-01   9.7315363e-01
   3.6000000e-01   9.7655012e-01
   3.7000000e-01   9.7953853e-01
   3.8000000e-01   9.8216699e-01
   3.9000000e-01   9.8447765e-01
   4.0000000e-01   9.8650766e-01
   4.1000000e-01   9.8828972e-01
   4.2000000e-01   9.8985261e-01
   4.3000000e-01   9.9122175e-01
   4.4000000e-01   9.9241978e-01
   4.5000000e-01   9.9346666e-01
   4.6000000e-01   9.9438014e-01
   4.7000000e-01   9.9517593e-01
   4.8000000e-01   9.9586803e-01
   4.9000000e-01   9.9646886e-01
   5.0000000e-01   9.9698945e-01
   5.1000000e-01   9.9743961e-01
   5.2000000e-01   9.9782800e-01
   5.3000000e-01   9.9816234e-01
   5.4000000e-01   9.9844953e-01
   5.5000000e-01   9.9869557e-01
   5.6000000e-01   9.9890588e-01
   5.7000000e-01   9.9908498e-01
   5.8000000e-01   9.9923729e-01
   5.9000000e-01   9.9936631e-01
   6.0000000e-01   9.9947535e-01
   6.1000000e-01   9.9956713e-01
   6.2000000e-01   9.9964419e-01
   6.3000000e-01   9.9970870e-01
   6.4000000e-01   9.9976244e-01
   6.5000000e-01   9.9980709e-01
   6.6000000e-01   9.9984403e-01
   6.7000000e-01   9.9987447e-01
   6.8000000e-01   9.9989948e-01
   6.9000000e-01   9.9991991e-01
   7.0000000e-01   9.9993653e-01
   7.1000000e-01   9.9994999e-01
   7.2000000e-01   9.9996083e-01
   7.3000000e-01   9.9996952e-01
   7.4000000e-01   9.9997645e-01
   7.5000000e-01   9.9998194e-01
   7.6000000e-01   9.9998626e-01
   7.7000000e-01   9.9998963e-01
   7.8000000e-01   9.9999225e-01
   7.9000000e-01   9.9999427e-01
   8.0000000e-01   9.9999581e-01
   8.1000000e-01   9.9999698e-01
   8.2000000e-01   9.9999785e-01
   8.3000000e-01   9.9999849e-01
   8.4000000e-01   9.9999896e-01
   8.5000000e-01   9.9999930e-01
   8.6000000e-01   9.9999954e-01
   8.7000000e-01   9.9999970e-01
   8.8000000e-01   9.9999982e-01
   8.9000000e-01   9.9999989e-01
   9.0000000e-01   9.9999994e-01
   9.1000000e-01   9.9999997e-01
   9.2000000e-01   9.9999998e-01
   9.3000000e-01   9.9999999e-01
   9.4000000e-01   1.0000000e+00
   9.5000000e-01   1.0000000e+00
   9.6000000e-01   1.0000000e+00
   9.7000000e-01   1.0000000e+00
   9.8000000e-01   1.0000000e+00
   9.9000000e-01   1.0000000e+00
   1.0000000e+00   1.0000000e+00
