   0.0000000e+00   1.0000000e-03
   1.0000000e-02   3.6051569e-02
   2.0000000e-02   4.0294627e-02
   3.0000000e-02   4.5632345e-02
   4.0000000e-02   5.2528874e-02
   5.0000000e-02   6.1733030e-02
   6.0000000e-02   7.4506441e-02
   7.0000000e-02   9.3051946e-02
   8.0000000e-02   1.2120830e-01
   9.0000000e-02   1.6484811e-01
   1.0000000e-01   2.2905480e-01
   1.1000000e-01   3.1036399e-01
   1.2000000e-01   3.9663092e-01
   1.3000000e-01   4.7770694e-01
   1.4000000e-01   5.4944372e-01
   1.5000000e-01   6.1131043e-01
   1.6000000e-01   6.6416413e-01
   1.7000000e-01   7.0922168e-01
   1.8000000e-01   7.4767756e-01
   1.9000000e-01   7.8058467e-01
   2.0000000e-01   8.0883309e-01
   2.1000000e-01   8.3316256e-01
   2.2000000e-01   8.5418411e-01
   2.3000000e-01   8.7240245e-01
   2.4000000e-01   8.8823490e-01
   2.5000000e-01   9.0202820e-01
   2.6000000e-01   9.1407157e-01
   2.7000000e-01   9.2460736e-01
   2.8000000e-01   9.3383958e-01
   2.9000000e-01   9.4194107e-01
   3.0000000e-01   9.4905860e-01
   3.1000000e-01   9.5531741e-01
   3.2000000e-01   9.6082520e-01
   3.3000000e-01   9.6567449e-01
   3.4000000e-01   9.6994534e-01
   3.5000000e-01   9.7370711e-01
   3.6000000e-01   9.7702041e-01
   3.7000000e-01   9.7993799e-01
   3.8000000e-01   9.8250621e-01
   3.9000000e-01   9.8476551e-01
   4.0000000e-01   9.8675171e-01
   4.1000000e-01   9.8849638e-01
   4.2000000e-01   9.9002741e-01
   4.3000000e-01   9.9136949e-01
   4.4000000e-01   9.9254441e-01
   4.5000000e-01   9.9357163e-01
   4.6000000e-01   9.9446836e-01
   4.7000000e-01   9.9524995e-01
   4.8000000e-01   9.9593000e-01
   4.9000000e-01   9.9652063e-01
   5.0000000e-01   9.9703258e-01
   5.1000000e-01   9.9747542e-01
   5.2000000e-01   9.9785771e-01
   5.3000000e-01   9.9818694e-01
   5.4000000e-01   9.9846978e-01
   5.5000000e-01   9.9871221e-01
   5.6000000e-01   9.9891944e-01
   5.7000000e-01   9.9909611e-01
   5.8000000e-01   9.9924631e-01
   5.9000000e-01   9.9937363e-01
   6.0000000e-01   9.9948122e-01
   6.1000000e-01   9.9957189e-01
   6.2000000e-01   9.9964801e-01
   6.3000000e-01   9.9971177e-01
   6.4000000e-01   9.9976483e-01
   6.5000000e-01   9.9980897e-01
   6.6000000e-01   9.9984551e-01
   6.7000000e-01   9.9987565e-01
   6.8000000e-01   9.9990038e-01
   6.9000000e-01   9.9992060e-01
   7.0000000e-01   9.9993706e-01
   7.1000000e-01   9.9995039e-01
   7.2000000e-01   9.9996114e-01
   7.3000000e-01   9.9996975e-01
   7.4000000e-01   9.9997662e-01
   7.5000000e-01   9.9998206e-01
   7.6000000e-01   9.9998635e-01
   7.7000000e-01   9.9998970e-01
   7.8000000e-01   9.9999230e-01
   7.9000000e-01   9.9999431e-01
   8.0000000e-01   9.9999584e-01
   8.1000000e-01   9.9999699e-01
   8.2000000e-01   9.9999786e-01
   8.3000000e-01   9.9999850e-01
   8.4000000e-01   9.9999897e-01
   8.5000000e-01   9.9999930e-01
   8.6000000e-01   9.9999954e-01
   8.7000000e-01   9.9999971e-01
   8.8000000e-01   9.9999982e-01
   8.9000000e-01   9.9999989e-01
   9.0000000e-01   9.9999994e-01
   9.1000000e-01   9.9999997e-01
   9.2000000e-01   9.9999998e-01
   9.3000000e-01   9.9999999e-01
   9.4000000e-01   1.0000000e+00
   9.5000000e-01   1.0000000e+00
   9.6000000e-01   1.0000000e+00
   9.7000000e-01   1.0000000e+00
   9.8000000e-01   1.0000000e+00
   9.9000000e-01   1.0000000e+00
   1.0000000e+00   1.0000000e+00
