   0.0000000e+00   1.0000000e-03
   1.0000000e-02   2.3470240e-01
   2.0000000e-02   2.8288655e-01
   3.0000000e-02   3.4667123e-01
   4.0000000e-02   4.2702018e-01
   5.0000000e-02   5.1831177e-01
   6.0000000e-02   6.0910023e-01
   7.0000000e-02   6.8949514e-01
   8.0000000e-02   7.5560822e-01
   9.0000000e-02   8.0797101e-01
   1.0000000e-01   8.4880679e-01
   1.1000000e-01   8.8052631e-01
   1.2000000e-01   9.0520181e-01
   1.3000000e-01   9.2447318e-01
   1.4000000e-01   9.3959684e-01
   1.5000000e-01   9.5152474e-01
   1.6000000e-01   9.6097718e-01
   1.7000000e-01   9.6850100e-01
   1.8000000e-01   9.7451362e-01
   1.9000000e-01   9.7933571e-01
   2.0000000e-01   9.8321519e-01
   2.1000000e-01   9.8634499e-01
   2.2000000e-01   9.8887614e-01
   2.3000000e-01   9.9092748e-01
   2.4000000e-01   9.9259307e-01
   2.5000000e-01   9.9394759e-01
   2.6000000e-01   9.9505067e-01
   2.7000000e-01   9.9595025e-01
   2.8000000e-01   9.9668442e-01
   2.9000000e-01   9.9728363e-01
   3.0000000e-01   9.9777490e-01
   3.1000000e-01   9.9817585e-01
   3.2000000e-01   9.9850457e-01
   3.3000000e-01   9.9877362e-01
   3.4000000e-01   9.9899419e-01
   3.5000000e-01   9.9917509e-01
   3.6000000e-01   9.9932355e-01
   3.7000000e-01   9.9944503e-01
   3.8000000e-01   9.9954484e-01
   3.9000000e-01   9.9962668e-01
   4.0000000e-01   9.9969381e-01
   4.1000000e-01   9.9974896e-01
   4.2000000e-01   9.9979430e-01
   4.3000000e-01   9.9983151e-01
   4.4000000e-01   9.9986178e-01
   4.5000000e-01   9.9988695e-01
   4.6000000e-01   9.9990751e-01
   4.7000000e-01   9.9992436e-01
   4.8000000e-01   9.9993823e-01
   4.9000000e-01   9.9994954e-01
   5.0000000e-01   9.9995882e-01
   5.1000000e-01   9.9996644e-01
   5.2000000e-01   9.9997267e-01
   5.3000000e-01   9.9997778e-01
   5.4000000e-01   9.9998195e-01
   5.5000000e-01   9.9998537e-01
   5.6000000e-01   9.9998815e-01
   5.7000000e-01   9.9999043e-01
   5.8000000e-01   9.9999228e-01
   5.9000000e-01   9.9999378e-01
   6.0000000e-01   9.9999501e-01
   6.1000000e-01   9.9999601e-01
   6.2000000e-01   9.9999681e-01
   6.3000000e-01   9.9999746e-01
   6.4000000e-01   9.9999799e-01
   6.5000000e-01   9.9999841e-01
   6.6000000e-01   9.9999875e-01
   6.7000000e-01   9.9999902e-01
   6.8000000e-01   9.9999923e-01
   6.9000000e-01   9.9999940e-01
   7.0000000e-01   9.9999954e-01
   7.1000000e-01   9.9999965e-01
   7.2000000e-01   9.9999973e-01
   7.3000000e-01   9.9999980e-01
   7.4000000e-01   9.9999985e-01
   7.5000000e-01   9.9999989e-01
   7.6000000e-01   9.9999992e-01
   7.7000000e-01   9.9999994e-01
   7.8000000e-01   9.9999996e-01
   7.9000000e-01   9.9999997e-01
   8.0000000e-01   9.9999998e-01
   8.1000000e-01   9.9999998e-01
   8.2000000e-01   9.9999999e-01
   8.3000000e-01   9.9999999e-01
   8.4000000e-01   1.0000000e+00
   8.5000000e-01   1.0000000e+00
   8.6000000e-01   1.0000000e+00
   8.7000000e-01   1.0000000e+00
   8.8000000e-01   1.0000000e+00
   8.9000000e-01   1.0000000e+00
   9.0000000e-01   1.0000000e+00
   9.1000000e-01   1.0000000e+00
   9.2000000e-01   1.0000000e+00
   9.3000000e-01   1.0000000e+00
   9.4000000e-01   1.0000000e+00
   9.5000000e-01   1.0000000e+00
   9.6000000e-01   1.0000000e+00
   9.7000000e-01   1.0000000e+00
   9.8000000e-01   1.0000000e+00
   9.9000000e-01   1.0000000e+00
   1.0000000e+00   1.0000000e+00
