   0.0000000e+00   1.0000000e-03
   1.0000000e-02   8.7189532e-03
   2.0000000e-02   1.1546380e-02
   3.0000000e-02   1.7025714e-02
   4.0000000e-02   3.1684392e-02
   5.0000000e-02   1.0772261e-01
   6.0000000e-02   3.2902035e-01
   7.0000000e-02   5.1391799e-01
   8.0000000e-02   6.4178147e-01
   9.0000000e-02   7.3129068e-01
   1.0000000e-01   7.9543098e-01
   1.1000000e-01   8.4237113e-01
   1.2000000e-01   8.7733671e-01
   1.3000000e-01   9.0376804e-01
   1.4000000e-01   9.2399402e-01
   1.5000000e-01   9.3963066e-01
   1.6000000e-01   9.5182375e-01
   1.7000000e-01   9.6140099e-01
   1.8000000e-01   9.6897009e-01
   1.9000000e-01   9.7498359e-01
   2.0000000e-01   9.7978264e-01
   2.1000000e-01   9.8362720e-01
   2.2000000e-01   9.8671723e-01
   2.3000000e-01   9.8920780e-01
   2.4000000e-01   9.9122010e-01
   2.5000000e-01   9.9284934e-01
   2.6000000e-01   9.9417075e-01
   2.7000000e-01   9.9524417e-01
   2.8000000e-01   9.9611727e-01
   2.9000000e-01   9.9682835e-01
   3.0000000e-01   9.9740810e-01
   3.1000000e-01   9.9788084e-01
   3.2000000e-01   9.9826671e-01
   3.3000000e-01   9.9858190e-01
   3.4000000e-01   9.9883984e-01
   3.5000000e-01   9.9905049e-01
   3.6000000e-01   9.9922292e-01
   3.7000000e-01   9.9936386e-01
   3.8000000e-01   9.9947944e-01
   3.9000000e-01   9.9957395e-01
   4.0000000e-01   9.9965140e-01
   4.1000000e-01   9.9971483e-01
   4.2000000e-01   9.9976662e-01
   4.3000000e-01   9.9980913e-01
   4.4000000e-01   9.9984394e-01
   4.5000000e-01   9.9987252e-01
   4.6000000e-01   9.9989592e-01
   4.7000000e-01   9.9991503e-01
   4.8000000e-01   9.9993073e-01
   4.9000000e-01   9.9994351e-01
   5.0000000e-01   9.9995398e-01
   5.1000000e-01   9.9996256e-01
   5.2000000e-01   9.9996954e-01
   5.3000000e-01   9.9997530e-01
   5.4000000e-01   9.9997996e-01
   5.5000000e-01   9.9998378e-01
   5.6000000e-01   9.9998689e-01
   5.7000000e-01   9.9998942e-01
   5.8000000e-01   9.9999148e-01
   5.9000000e-01   9.9999315e-01
   6.0000000e-01   9.9999451e-01
   6.1000000e-01   9.9999561e-01
   6.2000000e-01   9.9999650e-01
   6.3000000e-01   9.9999721e-01
   6.4000000e-01   9.9999779e-01
   6.5000000e-01   9.9999826e-01
   6.6000000e-01   9.9999863e-01
   6.7000000e-01   9.9999893e-01
   6.8000000e-01   9.9999916e-01
   6.9000000e-01   9.9999935e-01
   7.0000000e-01   9.9999950e-01
   7.1000000e-01   9.9999961e-01
   7.2000000e-01   9.9999971e-01
   7.3000000e-01   9.9999978e-01
   7.4000000e-01   9.9999983e-01
   7.5000000e-01   9.9999988e-01
   7.6000000e-01   9.9999991e-01
   7.7000000e-01   9.9999993e-01
   7.8000000e-01   9.9999995e-01
   7.9000000e-01   9.9999997e-01
   8.0000000e-01   9.9999998e-01
   8.1000000e-01   9.9999998e-01
   8.2000000e-01   9.9999999e-01
   8.3000000e-01   9.9999999e-01
   8.4000000e-01   9.9999999e-01
   8.5000000e-01   1.0000000e+00
   8.6000000e-01   1.0000000e+00
   8.7000000e-01   1.0000000e+00
   8.8000000e-01   1.0000000e+00
   8.9000000e-01   1.0000000e+00
   9.0000000e-01   1.0000000e+00
   9.1000000e-01   1.0000000e+00
   9.2000000e-01   1.0000000e+00
   9.3000000e-01   1.0000000e+00
   9.4000000e-01   1.0000000e+00
   9.5000000e-01   1.0000000e+00
   9.6000000e-01   1.0000000e+00
   9.7000000e-01   1.0000000e+00
   9.8000000e-01   1.0000000e+00
   9.9000000e-01   1.0000000e+00
   1.0000000e+00   1.0000000e+00
