   0.0000000e+00   4.2317797e-31
   1.0000000e-02   7.0069811e-03
   2.0000000e-02   1.4697528e-02
   3.0000000e-02   2.9501925e-02
   4.0000000e-02   3.4732426e-02
   5.0000000e-02   5.6363155e-02
   6.0000000e-02   7.6116003e-02
   7.0000000e-02   9.9949986e-02
   8.0000000e-02   1.3606661e-01
   9.0000000e-02   2.9581447e-01
   1.0000000e-01   2.0074815e-01
   1.1000000e-01   2.7529649e-02
   1.2000000e-01   5.0389785e-03
   1.3000000e-01   2.0176959e-03
   1.4000000e-01   8.9043257e-04
   1.5000000e-01   4.9688678e-04
   1.6000000e-01   2.7382087e-04
   1.7000000e-01   1.8118024e-04
   1.8000000e-01   1.1710309e-04
   1.9000000e-01   9.5985877e-05
   2.0000000e-01   6.5106811e-05
   2.1000000e-01   4.7733176e-05
   2.2000000e-01   3.4134851e-05
   2.3000000e-01   2.8441396e-05
   2.4000000e-01   2.3603806e-05
   2.5000000e-01   1.9027703e-05
   2.6000000e-01   1.3591691e-05
   2.7000000e-01   1.2847996e-05
   2.8000000e-01   1.0734541e-05
   2.9000000e-01   8.8339187e-06
   3.0000000e-01   7.6226216e-06
   3.1000000e-01   6.6416089e-06
   3.2000000e-01   5.1492569e-06
   3.3000000e-01   4.0132446e-06
   3.4000000e-01   3.7544932e-06
   3.5000000e-01   3.2184787e-06
   3.6000000e-01   2.5841362e-06
   3.7000000e-01   2.2360935e-06
   3.8000000e-01   2.1294755e-06
   3.9000000e-01   1.7606125e-06
   4.0000000e-01   1.4592562e-06
   4.1000000e-01   1.2164869e-06
   4.2000000e-01   1.1176627e-06
   4.3000000e-01   9.5307549e-07
   4.4000000e-01   7.4402244e-07
   4.5000000e-01   6.5293700e-07
   4.6000000e-01   5.6798530e-07
   4.7000000e-01   4.7132144e-07
   4.8000000e-01   3.9499367e-07
   4.9000000e-01   3.5993013e-07
   5.0000000e-01   3.0873910e-07
   5.1000000e-01   2.5189046e-07
   5.2000000e-01   2.1278604e-07
   5.3000000e-01   1.8406233e-07
   5.4000000e-01   1.6024212e-07
   5.5000000e-01   1.3657006e-07
   5.6000000e-01   1.1722795e-07
   5.7000000e-01   9.8053748e-08
   5.8000000e-01   7.6533601e-08
   5.9000000e-01   7.3279653e-08
   6.0000000e-01   5.5330856e-08
   6.1000000e-01   4.7349480e-08
   6.2000000e-01   3.8067816e-08
   6.3000000e-01   3.2618177e-08
   6.4000000e-01   2.9283737e-08
   6.5000000e-01   2.2044749e-08
   6.6000000e-01   1.8457764e-08
   6.7000000e-01   1.6688073e-08
   6.8000000e-01   1.3658359e-08
   6.9000000e-01   1.0303293e-08
   7.0000000e-01   9.3808848e-09
   7.1000000e-01   8.0096292e-09
   7.2000000e-01   6.0827877e-09
   7.3000000e-01   5.6793929e-09
   7.4000000e-01   4.2032078e-09
   7.5000000e-01   3.5264840e-09
   7.6000000e-01   2.7780053e-09
   7.7000000e-01   2.3533887e-09
   7.8000000e-01   1.6938127e-09
   7.9000000e-01   1.4677677e-09
   8.0000000e-01   1.4216990e-09
   8.1000000e-01   7.8041136e-10
   8.2000000e-01   8.1526172e-10
   8.3000000e-01   6.3845064e-10
   8.4000000e-01   5.6583434e-10
   8.5000000e-01   5.0351760e-10
   8.6000000e-01   3.0010136e-10
   8.7000000e-01   2.8131871e-10
   8.8000000e-01   2.2449183e-10
   8.9000000e-01   1.5728577e-10
   9.0000000e-01   9.8902295e-11
   9.1000000e-01   9.8902295e-11
   9.2000000e-01   3.9800391e-11
   9.3000000e-01   3.9800391e-11
   9.4000000e-01   3.9800391e-11
   9.5000000e-01   9.9800320e-12
   9.6000000e-01   0.0000000e+00
   9.7000000e-01   0.0000000e+00
   9.8000000e-01   0.0000000e+00
   9.9000000e-01   0.0000000e+00
   1.0000000e+00   0.0000000e+00
