   0.0000000e+00   4.2317797e-31
   1.0000000e-02   7.0032260e-03
   2.0000000e-02   1.7864870e-02
   3.0000000e-02   2.9571112e-02
   4.0000000e-02   3.7937253e-02
   5.0000000e-02   5.0431272e-02
   6.0000000e-02   7.3307231e-02
   7.0000000e-02   1.0476692e-01
   8.0000000e-02   1.6158564e-01
   9.0000000e-02   2.8465036e-01
   1.0000000e-01   1.6993805e-01
   1.1000000e-01   1.6629533e-02
   1.2000000e-01   3.2734499e-03
   1.3000000e-01   1.3011057e-03
   1.4000000e-01   5.4446184e-04
   1.5000000e-01   2.7138530e-04
   1.6000000e-01   1.4827168e-04
   1.7000000e-01   9.6573816e-05
   1.8000000e-01   6.2166630e-05
   1.9000000e-01   4.1872168e-05
   2.0000000e-01   3.2369965e-05
   2.1000000e-01   2.2182140e-05
   2.2000000e-01   1.6123735e-05
   2.3000000e-01   1.2927899e-05
   2.4000000e-01   8.9925559e-06
   2.5000000e-01   7.9826728e-06
   2.6000000e-01   5.5224043e-06
   2.7000000e-01   4.9196295e-06
   2.8000000e-01   3.8121374e-06
   2.9000000e-01   2.8360385e-06
   3.0000000e-01   2.3176438e-06
   3.1000000e-01   2.0035686e-06
   3.2000000e-01   1.4176473e-06
   3.3000000e-01   1.2720386e-06
   3.4000000e-01   1.1086505e-06
   3.5000000e-01   8.6818501e-07
   3.6000000e-01   6.3111014e-07
   3.7000000e-01   5.6568349e-07
   3.8000000e-01   4.3419003e-07
   3.9000000e-01   3.5602220e-07
   4.0000000e-01   3.4186111e-07
   4.1000000e-01   2.7309036e-07
   4.2000000e-01   2.0549600e-07
   4.3000000e-01   1.5651817e-07
   4.4000000e-01   1.4273504e-07
   4.5000000e-01   1.1333758e-07
   4.6000000e-01   9.4380166e-08
   4.7000000e-01   7.4673676e-08
   4.8000000e-01   6.0905105e-08
   4.9000000e-01   4.9615079e-08
   5.0000000e-01   4.0200273e-08
   5.1000000e-01   3.2892158e-08
   5.2000000e-01   2.9577557e-08
   5.3000000e-01   2.1951529e-08
   5.4000000e-01   1.8857179e-08
   5.5000000e-01   1.5467415e-08
   5.6000000e-01   1.0716466e-08
   5.7000000e-01   9.4498766e-09
   5.8000000e-01   7.3279162e-09
   5.9000000e-01   5.5465166e-09
   6.0000000e-01   5.6281763e-09
   6.1000000e-01   4.3720246e-09
   6.2000000e-01   3.7940307e-09
   6.3000000e-01   2.8762835e-09
   6.4000000e-01   2.0800898e-09
   6.5000000e-01   1.8263331e-09
   6.6000000e-01   1.2851403e-09
   6.7000000e-01   1.2197082e-09
   6.8000000e-01   8.3699941e-10
   6.9000000e-01   7.8999141e-10
   7.0000000e-01   4.3842675e-10
   7.1000000e-01   3.9441386e-10
   7.2000000e-01   3.1880418e-10
   7.3000000e-01   2.4351395e-10
   7.4000000e-01   1.9580897e-10
   7.5000000e-01   2.5299507e-10
   7.6000000e-01   1.2818384e-10
   7.7000000e-01   1.1844328e-10
   7.8000000e-01   9.8902295e-11
   7.9000000e-01   7.9281485e-11
   8.0000000e-01   2.9880228e-11
   8.1000000e-01   4.9700599e-11
   8.2000000e-01   1.9940108e-11
   8.3000000e-01   3.9800391e-11
   8.4000000e-01   2.9880228e-11
   8.5000000e-01   2.9880228e-11
   8.6000000e-01   9.9800320e-12
   8.7000000e-01   0.0000000e+00
   8.8000000e-01   9.9800320e-12
   8.9000000e-01   9.9800320e-12
   9.0000000e-01   0.0000000e+00
   9.1000000e-01   0.0000000e+00
   9.2000000e-01   0.0000000e+00
   9.3000000e-01   0.0000000e+00
   9.4000000e-01   0.0000000e+00
   9.5000000e-01   0.0000000e+00
   9.6000000e-01   0.0000000e+00
   9.7000000e-01   0.0000000e+00
   9.8000000e-01   0.0000000e+00
   9.9000000e-01   0.0000000e+00
   1.0000000e+00   0.0000000e+00
