   0.0000000e+00   4.2317797e-31
   1.0000000e-02   8.1766296e-03
   2.0000000e-02   1.4648873e-02
   3.0000000e-02   2.5192691e-02
   4.0000000e-02   4.5413862e-02
   5.0000000e-02   5.7219204e-02
   6.0000000e-02   7.3700894e-02
   7.0000000e-02   1.1424094e-01
   8.0000000e-02   1.5262294e-01
   9.0000000e-02   2.3492385e-01
   1.0000000e-01   1.5444298e-01
   1.1000000e-01   2.0490315e-02
   1.2000000e-01   3.9670061e-03
   1.3000000e-01   1.7133817e-03
   1.4000000e-01   8.1801814e-04
   1.5000000e-01   4.3088276e-04
   1.6000000e-01   2.4134905e-04
   1.7000000e-01   1.6743899e-04
   1.8000000e-01   1.1779039e-04
   1.9000000e-01   7.9741186e-05
   2.0000000e-01   6.2649098e-05
   2.1000000e-01   4.3685267e-05
   2.2000000e-01   3.5885559e-05
   2.3000000e-01   2.6980588e-05
   2.4000000e-01   2.2850029e-05
   2.5000000e-01   1.8895976e-05
   2.6000000e-01   1.5895938e-05
   2.7000000e-01   1.3351286e-05
   2.8000000e-01   1.1279010e-05
   2.9000000e-01   9.5270636e-06
   3.0000000e-01   7.8617852e-06
   3.1000000e-01   7.3421504e-06
   3.2000000e-01   6.0160726e-06
   3.3000000e-01   5.1692546e-06
   3.4000000e-01   4.5401162e-06
   3.5000000e-01   4.0540611e-06
   3.6000000e-01   3.4900433e-06
   3.7000000e-01   2.7787167e-06
   3.8000000e-01   2.8076018e-06
   3.9000000e-01   2.2286446e-06
   4.0000000e-01   2.3321629e-06
   4.1000000e-01   1.8517912e-06
   4.2000000e-01   1.7417406e-06
   4.3000000e-01   1.5409811e-06
   4.4000000e-01   1.3095300e-06
   4.5000000e-01   1.1553128e-06
   4.6000000e-01   1.0313271e-06
   4.7000000e-01   9.9179996e-07
   4.8000000e-01   8.5636537e-07
   4.9000000e-01   7.8482285e-07
   5.0000000e-01   6.1787034e-07
   5.1000000e-01   5.7041543e-07
   5.2000000e-01   5.0479627e-07
   5.3000000e-01   4.7181410e-07
   5.4000000e-01   4.0699898e-07
   5.5000000e-01   3.8755529e-07
   5.6000000e-01   3.5614016e-07
   5.7000000e-01   3.0500507e-07
   5.8000000e-01   2.6803452e-07
   5.9000000e-01   2.4797080e-07
   6.0000000e-01   2.2252868e-07
   6.1000000e-01   2.0565084e-07
   6.2000000e-01   1.8048029e-07
   6.3000000e-01   1.5666432e-07
   6.4000000e-01   1.3007651e-07
   6.5000000e-01   1.2677499e-07
   6.6000000e-01   1.1995143e-07
   6.7000000e-01   1.0066477e-07
   6.8000000e-01   8.8817505e-08
   6.9000000e-01   7.6474610e-08
   7.0000000e-01   7.2894469e-08
   7.1000000e-01   6.2638266e-08
   7.2000000e-01   6.0109946e-08
   7.3000000e-01   5.6405947e-08
   7.4000000e-01   4.2514985e-08
   7.5000000e-01   4.0019968e-08
   7.6000000e-01   3.5823128e-08
   7.7000000e-01   3.1770113e-08
   7.8000000e-01   2.7279562e-08
   7.9000000e-01   2.5065644e-08
   8.0000000e-01   2.1784940e-08
   8.1000000e-01   1.6568192e-08
   8.2000000e-01   1.5062124e-08
   8.3000000e-01   1.3228015e-08
   8.4000000e-01   1.2861842e-08
   8.5000000e-01   9.6822441e-09
   8.6000000e-01   8.5626654e-09
   8.7000000e-01   7.3635259e-09
   8.8000000e-01   5.9286056e-09
   8.9000000e-01   4.1532260e-09
   9.0000000e-01   4.0558482e-09
   9.1000000e-01   2.9018512e-09
   9.2000000e-01   2.0401280e-09
   9.3000000e-01   1.7146707e-09
   9.4000000e-01   1.1613025e-09
   9.5000000e-01   8.5697977e-10
   9.6000000e-01   5.2142217e-10
   9.7000000e-01   3.6521199e-10
   9.8000000e-01   1.3790444e-10
   9.9000000e-01   9.9800320e-12
   1.0000000e+00   0.0000000e+00
