   0.0000000e+00   4.2317797e-31
   1.0000000e-02   1.8415530e-02
   2.0000000e-02   4.2233195e-02
   3.0000000e-02   7.2641146e-02
   4.0000000e-02   1.5958868e-01
   5.0000000e-02   1.6329272e-01
   6.0000000e-02   4.4417566e-03
   7.0000000e-02   8.2603956e-04
   8.0000000e-02   2.6852725e-04
   9.0000000e-02   1.2689806e-04
   1.0000000e-01   6.5099888e-05
   1.1000000e-01   3.9115388e-05
   1.2000000e-01   2.4103122e-05
   1.3000000e-01   1.6629198e-05
   1.4000000e-01   1.1742189e-05
   1.5000000e-01   8.6562996e-06
   1.6000000e-01   6.2873357e-06
   1.7000000e-01   5.1892846e-06
   1.8000000e-01   4.0154733e-06
   1.9000000e-01   2.8665250e-06
   2.0000000e-01   2.2892292e-06
   2.1000000e-01   1.7878704e-06
   2.2000000e-01   1.4042611e-06
   2.3000000e-01   1.1334570e-06
   2.4000000e-01   7.9166610e-07
   2.5000000e-01   7.1405242e-07
   2.6000000e-01   5.9755694e-07
   2.7000000e-01   5.4466368e-07
   2.8000000e-01   3.8071428e-07
   2.9000000e-01   2.9223407e-07
   3.0000000e-01   2.3294796e-07
   3.1000000e-01   2.0412219e-07
   3.2000000e-01   1.6676643e-07
   3.3000000e-01   1.2504702e-07
   3.4000000e-01   1.1020779e-07
   3.5000000e-01   8.9780507e-08
   3.6000000e-01   7.0516610e-08
   3.7000000e-01   5.6278705e-08
   3.8000000e-01   4.9600017e-08
   3.9000000e-01   4.1580593e-08
   4.0000000e-01   3.1993828e-08
   4.1000000e-01   2.6895158e-08
   4.2000000e-01   2.3271436e-08
   4.3000000e-01   1.7405272e-08
   4.4000000e-01   1.5301341e-08
   4.5000000e-01   1.1731615e-08
   4.6000000e-01   1.0598988e-08
   4.7000000e-01   9.1764875e-09
   4.8000000e-01   6.6824769e-09
   4.9000000e-01   5.7932175e-09
   5.0000000e-01   5.7992860e-09
   5.1000000e-01   4.2361077e-09
   5.2000000e-01   3.1622077e-09
   5.3000000e-01   3.4530125e-09
   5.4000000e-01   2.6092599e-09
   5.5000000e-01   2.2761325e-09
   5.6000000e-01   1.6824324e-09
   5.7000000e-01   1.6689393e-09
   5.8000000e-01   1.4696266e-09
   5.9000000e-01   1.1198057e-09
   6.0000000e-01   1.0502813e-09
   6.1000000e-01   9.6311171e-10
   6.2000000e-01   6.9312347e-10
   6.3000000e-01   6.4451896e-10
   6.4000000e-01   6.1847037e-10
   6.5000000e-01   7.2172580e-10
   6.6000000e-01   4.6746899e-10
   6.7000000e-01   4.8353738e-10
   6.8000000e-01   3.7443368e-10
   6.9000000e-01   2.7189746e-10
   7.0000000e-01   3.4670873e-10
   7.1000000e-01   2.6245624e-10
   7.2000000e-01   2.3493094e-10
   7.3000000e-01   2.0538988e-10
   7.4000000e-01   2.5299507e-10
   7.5000000e-01   8.9101868e-11
   7.6000000e-01   1.6694651e-10
   7.7000000e-01   1.4760509e-10
   7.8000000e-01   1.2818384e-10
   7.9000000e-01   7.9281485e-11
   8.0000000e-01   7.9281485e-11
   8.1000000e-01   9.8902295e-11
   8.2000000e-01   8.9101868e-11
   8.3000000e-01   5.9580850e-11
   8.4000000e-01   3.9800391e-11
   8.5000000e-01   3.9800391e-11
   8.6000000e-01   3.9800391e-11
   8.7000000e-01   9.9800320e-12
   8.8000000e-01   9.9800320e-12
   8.9000000e-01   2.9880228e-11
   9.0000000e-01   9.9800320e-12
   9.1000000e-01   1.9940108e-11
   9.2000000e-01   0.0000000e+00
   9.3000000e-01   9.9800320e-12
   9.4000000e-01   0.0000000e+00
   9.5000000e-01   0.0000000e+00
   9.6000000e-01   0.0000000e+00
   9.7000000e-01   0.0000000e+00
   9.8000000e-01   0.0000000e+00
   9.9000000e-01   0.0000000e+00
   1.0000000e+00   0.0000000e+00
