   0.0000000e+00   1.8807910e-31
   1.0000000e-02   8.0852517e-03
   2.0000000e-02   1.4859486e-02
   3.0000000e-02   2.4185255e-02
   4.0000000e-02   3.7057031e-02
   5.0000000e-02   4.8986896e-02
   6.0000000e-02   7.2139681e-02
   7.0000000e-02   1.0702709e-01
   8.0000000e-02   1.5935089e-01
   9.0000000e-02   2.5547124e-01
   1.0000000e-01   1.8495179e-01
   1.1000000e-01   2.6412582e-02
   1.2000000e-01   4.2536087e-03
   1.3000000e-01   1.7369096e-03
   1.4000000e-01   9.5926444e-04
   1.5000000e-01   4.8574744e-04
   1.6000000e-01   2.6765521e-04
   1.7000000e-01   1.6874530e-04
   1.8000000e-01   1.1322504e-04
   1.9000000e-01   7.9166642e-05
   2.0000000e-01   5.8267913e-05
   2.1000000e-01   4.5686005e-05
   2.2000000e-01   3.5856547e-05
   2.3000000e-01   2.9017613e-05
   2.4000000e-01   1.9344832e-05
   2.5000000e-01   1.6166961e-05
   2.6000000e-01   1.3823099e-05
   2.7000000e-01   1.1003461e-05
   2.8000000e-01   8.4739032e-06
   2.9000000e-01   7.7758286e-06
   3.0000000e-01   6.4123418e-06
   3.1000000e-01   4.7368578e-06
   3.2000000e-01   4.3610051e-06
   3.3000000e-01   3.2400434e-06
   3.4000000e-01   2.6293174e-06
   3.5000000e-01   2.4435866e-06
   3.6000000e-01   2.1547180e-06
   3.7000000e-01   1.7623084e-06
   3.8000000e-01   1.5138094e-06
   3.9000000e-01   1.2544602e-06
   4.0000000e-01   1.0033217e-06
   4.1000000e-01   8.8576417e-07
   4.2000000e-01   6.9276543e-07
   4.3000000e-01   6.4108379e-07
   4.4000000e-01   5.3098266e-07
   4.5000000e-01   4.3232297e-07
   4.6000000e-01   3.6548066e-07
   4.7000000e-01   3.1007021e-07
   4.8000000e-01   2.6386548e-07
   4.9000000e-01   2.2957001e-07
   5.0000000e-01   1.7965142e-07
   5.1000000e-01   1.5882998e-07
   5.2000000e-01   1.1862733e-07
   5.3000000e-01   1.0757527e-07
   5.4000000e-01   9.0290667e-08
   5.5000000e-01   7.7014825e-08
   5.6000000e-01   6.1185587e-08
   5.7000000e-01   4.7990016e-08
   5.8000000e-01   4.1206489e-08
   5.9000000e-01   3.3349058e-08
   6.0000000e-01   2.9101678e-08
   6.1000000e-01   2.2153519e-08
   6.2000000e-01   1.9437940e-08
   6.3000000e-01   1.4174588e-08
   6.4000000e-01   1.0825982e-08
   6.5000000e-01   9.3622223e-09
   6.6000000e-01   7.5853702e-09
   6.7000000e-01   6.7019590e-09
   6.8000000e-01   5.2805865e-09
   6.9000000e-01   4.2700178e-09
   7.0000000e-01   3.6533907e-09
   7.1000000e-01   2.8129740e-09
   7.2000000e-01   2.0603186e-09
   7.3000000e-01   1.4354924e-09
   7.4000000e-01   1.3257659e-09
   7.5000000e-01   1.0458904e-09
   7.6000000e-01   8.8273009e-10
   7.7000000e-01   6.3585605e-10
   7.8000000e-01   4.7838715e-10
   7.9000000e-01   3.9441386e-10
   8.0000000e-01   3.2008150e-10
   8.1000000e-01   9.8902295e-11
   8.2000000e-01   1.8620811e-10
   8.3000000e-01   1.9580897e-10
   8.4000000e-01   8.9101868e-11
   8.5000000e-01   5.9580850e-11
   8.6000000e-01   5.9580850e-11
   8.7000000e-01   0.0000000e+00
   8.8000000e-01   1.9940108e-11
   8.9000000e-01   1.9940108e-11
   9.0000000e-01   0.0000000e+00
   9.1000000e-01   0.0000000e+00
   9.2000000e-01   0.0000000e+00
   9.3000000e-01   9.9800320e-12
   9.4000000e-01   0.0000000e+00
   9.5000000e-01   0.0000000e+00
   9.6000000e-01   0.0000000e+00
   9.7000000e-01   0.0000000e+00
   9.8000000e-01   0.0000000e+00
   9.9000000e-01   0.0000000e+00
   1.0000000e+00   0.0000000e+00
