   0.0000000e+00   4.2317797e-31
   1.0000000e-02   1.4799331e-02
   2.0000000e-02   3.9293566e-02
   3.0000000e-02   7.1521829e-02
   4.0000000e-02   1.9881854e-01
   5.0000000e-02   1.7855576e-01
   6.0000000e-02   4.4540662e-03
   7.0000000e-02   1.0150669e-03
   8.0000000e-02   2.9958789e-04
   9.0000000e-02   1.3288312e-04
   1.0000000e-01   6.7594002e-05
   1.1000000e-01   4.1225948e-05
   1.2000000e-01   2.6565335e-05
   1.3000000e-01   1.7958247e-05
   1.4000000e-01   1.1878301e-05
   1.5000000e-01   9.0954646e-06
   1.6000000e-01   6.7112747e-06
   1.7000000e-01   5.0131395e-06
   1.8000000e-01   3.7535155e-06
   1.9000000e-01   2.8630021e-06
   2.0000000e-01   2.5656060e-06
   2.1000000e-01   1.7713986e-06
   2.2000000e-01   1.6173012e-06
   2.3000000e-01   1.2116017e-06
   2.4000000e-01   9.4266189e-07
   2.5000000e-01   7.4556611e-07
   2.6000000e-01   6.4504141e-07
   2.7000000e-01   5.6819538e-07
   2.8000000e-01   4.3520536e-07
   2.9000000e-01   3.4396044e-07
   3.0000000e-01   2.8087392e-07
   3.1000000e-01   2.2269671e-07
   3.2000000e-01   1.8614434e-07
   3.3000000e-01   1.6377015e-07
   3.4000000e-01   1.4067765e-07
   3.5000000e-01   1.1668542e-07
   3.6000000e-01   9.7664110e-08
   3.7000000e-01   7.8183085e-08
   3.8000000e-01   6.6438552e-08
   3.9000000e-01   5.2600617e-08
   4.0000000e-01   4.6219211e-08
   4.1000000e-01   3.9051795e-08
   4.2000000e-01   3.3068536e-08
   4.3000000e-01   2.8287757e-08
   4.4000000e-01   2.2664566e-08
   4.5000000e-01   2.1522245e-08
   4.6000000e-01   1.6308962e-08
   4.7000000e-01   1.5093104e-08
   4.8000000e-01   1.2875923e-08
   4.9000000e-01   1.2191271e-08
   5.0000000e-01   9.3724676e-09
   5.1000000e-01   8.3177865e-09
   5.2000000e-01   7.3235618e-09
   5.3000000e-01   6.4932367e-09
   5.4000000e-01   5.3399755e-09
   5.5000000e-01   5.4957485e-09
   5.6000000e-01   3.8569634e-09
   5.7000000e-01   3.8240167e-09
   5.8000000e-01   2.9170923e-09
   5.9000000e-01   2.7741644e-09
   6.0000000e-01   2.3492873e-09
   6.1000000e-01   2.2087571e-09
   6.2000000e-01   2.0916222e-09
   6.3000000e-01   1.7914231e-09
   6.4000000e-01   1.6006655e-09
   6.5000000e-01   1.2076941e-09
   6.6000000e-01   1.0736357e-09
   6.7000000e-01   1.0388431e-09
   6.8000000e-01   9.2636322e-10
   6.9000000e-01   7.1893164e-10
   7.0000000e-01   5.8102458e-10
   7.1000000e-01   4.6555300e-10
   7.2000000e-01   3.6521199e-10
   7.3000000e-01   3.3742717e-10
   7.4000000e-01   2.7189746e-10
   7.5000000e-01   2.4351395e-10
   7.6000000e-01   3.2944290e-10
   7.7000000e-01   2.4447194e-10
   7.8000000e-01   2.1495083e-10
   7.9000000e-01   2.0618820e-10
   8.0000000e-01   2.1495083e-10
   8.1000000e-01   1.8620811e-10
   8.2000000e-01   6.9441146e-11
   8.3000000e-01   3.9800391e-11
   8.4000000e-01   5.9580850e-11
   8.5000000e-01   3.9800391e-11
   8.6000000e-01   9.9800320e-12
   8.7000000e-01   9.9800320e-12
   8.8000000e-01   9.9800320e-12
   8.9000000e-01   2.9880228e-11
   9.0000000e-01   0.0000000e+00
   9.1000000e-01   9.9800320e-12
   9.2000000e-01   0.0000000e+00
   9.3000000e-01   0.0000000e+00
   9.4000000e-01   0.0000000e+00
   9.5000000e-01   1.9940108e-11
   9.6000000e-01   0.0000000e+00
   9.7000000e-01   0.0000000e+00
   9.8000000e-01   0.0000000e+00
   9.9000000e-01   0.0000000e+00
   1.0000000e+00   0.0000000e+00
