   0.0000000e+00   4.2317797e-31
   1.0000000e-02   7.7483571e-03
   2.0000000e-02   1.6918457e-02
   3.0000000e-02   2.5150834e-02
   4.0000000e-02   4.2812157e-02
   5.0000000e-02   4.7745990e-02
   6.0000000e-02   7.0894929e-02
   7.0000000e-02   1.1481740e-01
   8.0000000e-02   1.9245558e-01
   9.0000000e-02   2.5902986e-01
   1.0000000e-01   1.2791159e-01
   1.1000000e-01   1.3497360e-02
   1.2000000e-01   2.9230794e-03
   1.3000000e-01   1.2208914e-03
   1.4000000e-01   5.1245559e-04
   1.5000000e-01   2.6985128e-04
   1.6000000e-01   1.4459472e-04
   1.7000000e-01   9.1265019e-05
   1.8000000e-01   6.1041335e-05
   1.9000000e-01   3.8680427e-05
   2.0000000e-01   3.0611481e-05
   2.1000000e-01   2.0302025e-05
   2.2000000e-01   1.6558253e-05
   2.3000000e-01   1.3307474e-05
   2.4000000e-01   9.2903537e-06
   2.5000000e-01   6.9307521e-06
   2.6000000e-01   5.7366275e-06
   2.7000000e-01   4.5504420e-06
   2.8000000e-01   3.7413757e-06
   2.9000000e-01   2.8743483e-06
   3.0000000e-01   2.2534500e-06
   3.1000000e-01   2.0554053e-06
   3.2000000e-01   1.6957223e-06
   3.3000000e-01   1.4313866e-06
   3.4000000e-01   1.1587995e-06
   3.5000000e-01   9.7679193e-07
   3.6000000e-01   7.9835200e-07
   3.7000000e-01   6.4377229e-07
   3.8000000e-01   5.1942108e-07
   3.9000000e-01   4.3536091e-07
   4.0000000e-01   3.8581684e-07
   4.1000000e-01   3.1294132e-07
   4.2000000e-01   2.8668627e-07
   4.3000000e-01   2.3515158e-07
   4.4000000e-01   2.1179755e-07
   4.5000000e-01   1.6229869e-07
   4.6000000e-01   1.5027343e-07
   4.7000000e-01   1.2020700e-07
   4.8000000e-01   1.0537774e-07
   4.9000000e-01   9.4633301e-08
   5.0000000e-01   7.8676898e-08
   5.1000000e-01   7.4159579e-08
   5.2000000e-01   6.2805276e-08
   5.3000000e-01   5.0750242e-08
   5.4000000e-01   4.4188460e-08
   5.5000000e-01   3.9449004e-08
   5.6000000e-01   3.2712326e-08
   5.7000000e-01   2.8987732e-08
   5.8000000e-01   2.3988204e-08
   5.9000000e-01   2.0594872e-08
   6.0000000e-01   1.8088092e-08
   6.1000000e-01   1.8289184e-08
   6.2000000e-01   1.3352076e-08
   6.3000000e-01   1.2160878e-08
   6.4000000e-01   9.4207524e-09
   6.5000000e-01   8.2088832e-09
   6.6000000e-01   7.6217881e-09
   6.7000000e-01   6.2894680e-09
   6.8000000e-01   5.6514454e-09
   6.9000000e-01   4.7306582e-09
   7.0000000e-01   4.3620123e-09
   7.1000000e-01   3.5534834e-09
   7.2000000e-01   2.7164275e-09
   7.3000000e-01   2.2743093e-09
   7.4000000e-01   1.8809045e-09
   7.5000000e-01   1.3411931e-09
   7.6000000e-01   1.2526847e-09
   7.7000000e-01   9.6311171e-10
   7.8000000e-01   7.5847414e-10
   7.9000000e-01   6.4451896e-10
   8.0000000e-01   6.1461741e-10
   8.1000000e-01   3.7443368e-10
   8.2000000e-01   2.6245624e-10
   8.3000000e-01   1.7658729e-10
   8.4000000e-01   2.2536998e-10
   8.5000000e-01   6.9441146e-11
   8.6000000e-01   1.7658729e-10
   8.7000000e-01   5.9580850e-11
   8.8000000e-01   1.0868277e-10
   8.9000000e-01   2.9880228e-11
   9.0000000e-01   9.9800320e-12
   9.1000000e-01   9.9800320e-12
   9.2000000e-01   0.0000000e+00
   9.3000000e-01   0.0000000e+00
   9.4000000e-01   0.0000000e+00
   9.5000000e-01   0.0000000e+00
   9.6000000e-01   0.0000000e+00
   9.7000000e-01   0.0000000e+00
   9.8000000e-01   0.0000000e+00
   9.9000000e-01   0.0000000e+00
   1.0000000e+00   0.0000000e+00
