   0.0000000e+00   4.2317797e-31
   1.0000000e-02   9.8354468e-03
   2.0000000e-02   2.0283915e-02
   3.0000000e-02   2.8012029e-02
   4.0000000e-02   4.9086425e-02
   5.0000000e-02   7.4016457e-02
   6.0000000e-02   1.4908984e-01
   7.0000000e-02   2.0492148e-01
   8.0000000e-02   2.9365061e-01
   9.0000000e-02   2.5055078e-02
   1.0000000e-01   2.3576951e-03
   1.1000000e-01   6.6847420e-04
   1.2000000e-01   2.5703709e-04
   1.3000000e-01   1.1609793e-04
   1.4000000e-01   6.5975916e-05
   1.5000000e-01   4.2230885e-05
   1.6000000e-01   2.5660273e-05
   1.7000000e-01   1.8191651e-05
   1.8000000e-01   1.3466780e-05
   1.9000000e-01   9.7452629e-06
   2.0000000e-01   6.8156994e-06
   2.1000000e-01   5.4224144e-06
   2.2000000e-01   4.3411375e-06
   2.3000000e-01   3.0765574e-06
   2.4000000e-01   2.6068791e-06
   2.5000000e-01   1.9697439e-06
   2.6000000e-01   1.5379364e-06
   2.7000000e-01   1.3475605e-06
   2.8000000e-01   1.0660040e-06
   2.9000000e-01   8.6464721e-07
   3.0000000e-01   7.1622958e-07
   3.1000000e-01   5.7827674e-07
   3.2000000e-01   4.6533726e-07
   3.3000000e-01   3.7023133e-07
   3.4000000e-01   3.0568441e-07
   3.5000000e-01   2.6140217e-07
   3.6000000e-01   2.2697796e-07
   3.7000000e-01   1.8076396e-07
   3.8000000e-01   1.5170812e-07
   3.9000000e-01   1.1467435e-07
   4.0000000e-01   9.5352700e-08
   4.1000000e-01   8.1196579e-08
   4.2000000e-01   7.6172323e-08
   4.3000000e-01   6.6606429e-08
   4.4000000e-01   5.3601655e-08
   4.5000000e-01   4.2608716e-08
   4.6000000e-01   4.0439900e-08
   4.7000000e-01   2.8691329e-08
   4.8000000e-01   2.6798245e-08
   4.9000000e-01   2.3227391e-08
   5.0000000e-01   2.1079484e-08
   5.1000000e-01   1.8039427e-08
   5.2000000e-01   1.5171288e-08
   5.3000000e-01   1.2916282e-08
   5.4000000e-01   1.1130338e-08
   5.5000000e-01   9.5053407e-09
   5.6000000e-01   9.3410956e-09
   5.7000000e-01   7.8851189e-09
   5.8000000e-01   6.6293065e-09
   5.9000000e-01   5.8800521e-09
   6.0000000e-01   5.1924028e-09
   6.1000000e-01   5.3960966e-09
   6.2000000e-01   3.9957014e-09
   6.3000000e-01   3.5880041e-09
   6.4000000e-01   2.9596649e-09
   6.5000000e-01   2.7487981e-09
   6.6000000e-01   2.3555924e-09
   6.7000000e-01   2.4429111e-09
   6.8000000e-01   2.2040108e-09
   6.9000000e-01   2.1081040e-09
   7.0000000e-01   1.6297324e-09
   7.1000000e-01   1.2251988e-09
   7.2000000e-01   9.5101682e-10
   7.3000000e-01   1.1013611e-09
   7.4000000e-01   8.7352729e-10
   7.5000000e-01   7.8873501e-10
   7.6000000e-01   5.0551343e-10
   7.7000000e-01   5.6810958e-10
   7.8000000e-01   4.7651108e-10
   7.9000000e-01   5.2142217e-10
   8.0000000e-01   3.8519216e-10
   8.1000000e-01   3.5597034e-10
   8.2000000e-01   2.7297520e-10
   8.3000000e-01   1.6694651e-10
   8.4000000e-01   2.0618820e-10
   8.5000000e-01   1.0868277e-10
   8.6000000e-01   1.0868277e-10
   8.7000000e-01   9.8902295e-11
   8.8000000e-01   2.9880228e-11
   8.9000000e-01   7.9281485e-11
   9.0000000e-01   5.9580850e-11
   9.1000000e-01   5.9580850e-11
   9.2000000e-01   9.9800320e-12
   9.3000000e-01   1.9940108e-11
   9.4000000e-01   0.0000000e+00
   9.5000000e-01   9.9800320e-12
   9.6000000e-01   0.0000000e+00
   9.7000000e-01   0.0000000e+00
   9.8000000e-01   0.0000000e+00
   9.9000000e-01   0.0000000e+00
   1.0000000e+00   0.0000000e+00
