   0.0000000e+00   1.0000000e-03   6.5052130e-19
   1.0000000e-02   1.1771028e-03   1.0643919e-04
   2.0000000e-02   1.3589457e-03   1.6447663e-04
   3.0000000e-02   1.5539773e-03   2.4665047e-04
   4.0000000e-02   1.8966400e-03   4.0418401e-04
   5.0000000e-02   2.4690802e-03   5.9061722e-04
   6.0000000e-02   3.1974074e-03   8.6802924e-04
   7.0000000e-02   4.4789264e-03   1.5138569e-03
   8.0000000e-02   7.5131991e-03   2.9351805e-03
   9.0000000e-02   1.7512846e-02   8.4882916e-03
   1.0000000e-01   6.9710922e-02   2.7395858e-02
   1.1000000e-01   1.9836476e-01   2.8394802e-02
   1.2000000e-01   3.2650306e-01   2.0564525e-02
   1.3000000e-01   4.3158942e-01   1.7864787e-02
   1.4000000e-01   5.1827760e-01   1.4823266e-02
   1.5000000e-01   5.8906730e-01   1.2227692e-02
   1.6000000e-01   6.4704915e-01   1.0052176e-02
   1.7000000e-01   6.9556933e-01   9.0005432e-03
   1.8000000e-01   7.3633646e-01   7.9915539e-03
   1.9000000e-01   7.7104645e-01   6.8852845e-03
   2.0000000e-01   7.9990380e-01   6.3313332e-03
   2.1000000e-01   8.2472488e-01   5.4510052e-03
   2.2000000e-01   8.4586144e-01   5.0670954e-03
   2.3000000e-01   8.6447782e-01   4.4903435e-03
   2.4000000e-01   8.8046004e-01   4.2087490e-03
   2.5000000e-01   8.9433147e-01   3.8876143e-03
   2.6000000e-01   9.0635584e-01   3.6136145e-03
   2.7000000e-01   9.1699570e-01   3.3506484e-03
   2.8000000e-01   9.2617932e-01   3.1105026e-03
   2.9000000e-01   9.3441618e-01   2.8841636e-03
   3.0000000e-01   9.4161928e-01   2.6401945e-03
   3.1000000e-01   9.4773706e-01   2.5680265e-03
   3.2000000e-01   9.5347762e-01   2.3386597e-03
   3.3000000e-01   9.5839790e-01   2.1790130e-03
   3.4000000e-01   9.6274965e-01   2.0513835e-03
   3.5000000e-01   9.6674515e-01   1.9465123e-03
   3.6000000e-01   9.7017712e-01   1.8124517e-03
   3.7000000e-01   9.7326444e-01   1.6223815e-03
   3.8000000e-01   9.7609091e-01   1.6355281e-03
   3.9000000e-01   9.7847443e-01   1.4607298e-03
   4.0000000e-01   9.8073846e-01   1.4977270e-03
   4.1000000e-01   9.8268671e-01   1.3372453e-03
   4.2000000e-01   9.8439101e-01   1.2991502e-03
   4.3000000e-01   9.8599021e-01   1.2239714e-03
   4.4000000e-01   9.8744925e-01   1.1299845e-03
   4.5000000e-01   9.8868432e-01   1.0626921e-03
   4.6000000e-01   9.8974895e-01   1.0051324e-03
   4.7000000e-01   9.9089091e-01   9.8681987e-04
   4.8000000e-01   9.9180360e-01   9.1781516e-04
   4.9000000e-01   9.9261888e-01   8.7936333e-04
   5.0000000e-01   9.9334575e-01   7.8081674e-04
   5.1000000e-01   9.9398442e-01   7.5071520e-04
   5.2000000e-01   9.9463017e-01   7.0667495e-04
   5.3000000e-01   9.9516523e-01   6.8356631e-04
   5.4000000e-01   9.9562977e-01   6.3517667e-04
   5.5000000e-01   9.9609690e-01   6.2010956e-04
   5.6000000e-01   9.9651738e-01   5.9469646e-04
   5.7000000e-01   9.9684006e-01   5.5052749e-04
   5.8000000e-01   9.9713846e-01   5.1623902e-04
   5.9000000e-01   9.9744446e-01   4.9669409e-04
   6.0000000e-01   9.9770130e-01   4.7064509e-04
   6.1000000e-01   9.9790589e-01   4.5253777e-04
   6.2000000e-01   9.9814036e-01   4.2403969e-04
   6.3000000e-01   9.9833506e-01   3.9514944e-04
   6.4000000e-01   9.9851099e-01   3.6012419e-04
   6.5000000e-01   9.9865165e-01   3.5557467e-04
   6.6000000e-01   9.9879580e-01   3.4592299e-04
   6.7000000e-01   9.9893546e-01   3.1693936e-04
   6.8000000e-01   9.9903427e-01   2.9773485e-04
   6.9000000e-01   9.9915115e-01   2.7630569e-04
   7.0000000e-01   9.9923307e-01   2.6978269e-04
   7.1000000e-01   9.9931828e-01   2.5010576e-04
   7.2000000e-01   9.9940140e-01   2.4502654e-04
   7.3000000e-01   9.9946344e-01   2.3737193e-04
   7.4000000e-01   9.9952128e-01   2.0609291e-04
   7.5000000e-01   9.9957712e-01   1.9996532e-04
   7.6000000e-01   9.9962927e-01   1.8919982e-04
   7.7000000e-01   9.9967003e-01   1.7818291e-04
   7.8000000e-01   9.9971299e-01   1.6511785e-04
   7.9000000e-01   9.9974196e-01   1.5828048e-04
   8.0000000e-01   9.9977203e-01   1.4756357e-04
   8.1000000e-01   9.9981309e-01   1.2869343e-04
   8.2000000e-01   9.9983357e-01   1.2270742e-04
   8.3000000e-01   9.9986024e-01   1.1499704e-04
   8.4000000e-01   9.9987123e-01   1.1339546e-04
   8.5000000e-01   9.9990010e-01   9.8388565e-05
   8.6000000e-01   9.9991379e-01   9.2526694e-05
   8.7000000e-01   9.9992408e-01   8.5804474e-05
   8.8000000e-01   9.9993866e-01   7.6992716e-05
   8.9000000e-01   9.9995235e-01   6.4442456e-05
   9.0000000e-01   9.9996014e-01   6.3683003e-05
   9.1000000e-01   9.9996943e-01   5.3867186e-05
   9.2000000e-01   9.9997792e-01   4.5166779e-05
   9.3000000e-01   9.9998202e-01   4.1407838e-05
   9.4000000e-01   9.9998871e-01   3.4077504e-05
   9.5000000e-01   9.9999151e-01   2.9273968e-05
   9.6000000e-01   9.9999471e-01   2.2834549e-05
   9.7000000e-01   9.9999620e-01   1.9110448e-05
   9.8000000e-01   9.9999860e-01   1.1743256e-05
   9.9000000e-01   9.9999990e-01   3.1591185e-06
   1.0000000e+00   1.0000000e+00   0.0000000e+00
