   0.0000000e+00   1.0000000e-03   6.5052130e-19
   1.0000000e-02   1.3507132e-03   1.6431763e-04
   2.0000000e-02   1.8579193e-03   3.6828799e-04
   3.0000000e-02   3.1569231e-03   8.4427379e-04
   4.0000000e-02   7.0993318e-03   3.1655262e-03
   5.0000000e-02   5.5566497e-02   2.3480101e-02
   6.0000000e-02   3.1228154e-01   2.0841292e-02
   7.0000000e-02   5.0610923e-01   1.6124698e-02
   8.0000000e-02   6.3805025e-01   1.1043761e-02
   9.0000000e-02   7.2899670e-01   8.4035052e-03
   1.0000000e-01   7.9386424e-01   6.5268002e-03
   1.1000000e-01   8.4101798e-01   5.3999608e-03
   1.2000000e-01   8.7635784e-01   4.5168859e-03
   1.3000000e-01   9.0263636e-01   3.8251176e-03
   1.4000000e-01   9.2320519e-01   3.1818185e-03
   1.5000000e-01   9.3875654e-01   2.8311666e-03
   1.6000000e-01   9.5095874e-01   2.4635659e-03
   1.7000000e-01   9.6065475e-01   2.1509099e-03
   1.8000000e-01   9.6830470e-01   1.8759927e-03
   1.9000000e-01   9.7444695e-01   1.6488040e-03
   2.0000000e-01   9.7917493e-01   1.5683943e-03
   2.1000000e-01   9.8305994e-01   1.3083928e-03
   2.2000000e-01   9.8618332e-01   1.2541605e-03
   2.3000000e-01   9.8875385e-01   1.0883488e-03
   2.4000000e-01   9.9080949e-01   9.6198463e-04
   2.5000000e-01   9.9242607e-01   8.5692191e-04
   2.6000000e-01   9.9374286e-01   7.9811931e-04
   2.7000000e-01   9.9490909e-01   7.4994990e-04
   2.8000000e-01   9.9579620e-01   6.5692771e-04
   2.9000000e-01   9.9651758e-01   5.8443903e-04
   3.0000000e-01   9.9710769e-01   5.2844254e-04
   3.1000000e-01   9.9760519e-01   4.7077740e-04
   3.2000000e-01   9.9799121e-01   4.3057780e-04
   3.3000000e-01   9.9836623e-01   4.0402409e-04
   3.4000000e-01   9.9863027e-01   3.7455645e-04
   3.5000000e-01   9.9884046e-01   3.4119639e-04
   3.6000000e-01   9.9904176e-01   3.1221311e-04
   3.7000000e-01   9.9918112e-01   2.7938341e-04
   3.8000000e-01   9.9931858e-01   2.5758113e-04
   3.9000000e-01   9.9943187e-01   2.2921794e-04
   4.0000000e-01   9.9950999e-01   2.1488119e-04
   4.1000000e-01   9.9959361e-01   1.9753496e-04
   4.2000000e-01   9.9964795e-01   1.8178354e-04
   4.3000000e-01   9.9969900e-01   1.6813902e-04
   4.4000000e-01   9.9975255e-01   1.5051030e-04
   4.5000000e-01   9.9977622e-01   1.4667179e-04
   4.6000000e-01   9.9981898e-01   1.2768343e-04
   4.7000000e-01   9.9984376e-01   1.2283480e-04
   4.8000000e-01   9.9986404e-01   1.1345670e-04
   4.9000000e-01   9.9987453e-01   1.1040023e-04
   5.0000000e-01   9.9989980e-01   9.6801805e-05
   5.1000000e-01   9.9991658e-01   9.1194292e-05
   5.2000000e-01   9.9992258e-01   8.5571186e-05
   5.3000000e-01   9.9993317e-01   8.0575237e-05
   5.4000000e-01   9.9994386e-01   7.3071033e-05
   5.5000000e-01   9.9994865e-01   7.4129509e-05
   5.6000000e-01   9.9996104e-01   6.2102036e-05
   5.7000000e-01   9.9995974e-01   6.1836144e-05
   5.8000000e-01   9.9997103e-01   5.4008548e-05
   5.9000000e-01   9.9997203e-01   5.2668864e-05
   6.0000000e-01   9.9997702e-01   4.8468333e-05
   6.1000000e-01   9.9997812e-01   4.6996388e-05
   6.2000000e-01   9.9997912e-01   4.5733301e-05
   6.3000000e-01   9.9998112e-01   4.2324408e-05
   6.4000000e-01   9.9998492e-01   4.0007714e-05
   6.5000000e-01   9.9998731e-01   3.4751453e-05
   6.6000000e-01   9.9998881e-01   3.2766014e-05
   6.7000000e-01   9.9998951e-01   3.2230751e-05
   6.8000000e-01   9.9999091e-01   3.0435939e-05
   6.9000000e-01   9.9999291e-01   2.6812710e-05
   7.0000000e-01   9.9999381e-01   2.4104302e-05
   7.1000000e-01   9.9999510e-01   2.1576571e-05
   7.2000000e-01   9.9999620e-01   1.9110448e-05
   7.3000000e-01   9.9999650e-01   1.8369127e-05
   7.4000000e-01   9.9999720e-01   1.6489267e-05
   7.5000000e-01   9.9999750e-01   1.5604894e-05
   7.6000000e-01   9.9999680e-01   1.8150504e-05
   7.7000000e-01   9.9999770e-01   1.5635562e-05
   7.8000000e-01   9.9999780e-01   1.4661169e-05
   7.9000000e-01   9.9999810e-01   1.4359228e-05
   8.0000000e-01   9.9999780e-01   1.4661169e-05
   8.1000000e-01   9.9999810e-01   1.3645783e-05
   8.2000000e-01   9.9999930e-01   8.3331296e-06
   8.3000000e-01   9.9999960e-01   6.3087526e-06
   8.4000000e-01   9.9999940e-01   7.7188587e-06
   8.5000000e-01   9.9999960e-01   6.3087526e-06
   8.6000000e-01   9.9999990e-01   3.1591185e-06
   8.7000000e-01   9.9999990e-01   3.1591185e-06
   8.8000000e-01   9.9999990e-01   3.1591185e-06
   8.9000000e-01   9.9999970e-01   5.4662793e-06
   9.0000000e-01   1.0000000e+00   0.0000000e+00
   9.1000000e-01   9.9999990e-01   3.1591185e-06
   9.2000000e-01   1.0000000e+00   0.0000000e+00
   9.3000000e-01   1.0000000e+00   0.0000000e+00
   9.4000000e-01   1.0000000e+00   0.0000000e+00
   9.5000000e-01   9.9999980e-01   4.4654339e-06
   9.6000000e-01   1.0000000e+00   0.0000000e+00
   9.7000000e-01   1.0000000e+00   0.0000000e+00
   9.8000000e-01   1.0000000e+00   0.0000000e+00
   9.9000000e-01   1.0000000e+00   0.0000000e+00
   1.0000000e+00   1.0000000e+00   0.0000000e+00
