   0.0000000e+00   1.0000000e-03   6.5052130e-19
   1.0000000e-02   1.1788253e-03   9.8676773e-05
   2.0000000e-02   1.3472868e-03   1.6333611e-04
   3.0000000e-02   1.5667166e-03   2.6910120e-04
   4.0000000e-02   1.8724728e-03   3.4896596e-04
   5.0000000e-02   2.3853448e-03   5.6630294e-04
   6.0000000e-02   3.1245580e-03   8.6203832e-04
   7.0000000e-02   4.2528340e-03   1.3445278e-03
   8.0000000e-02   6.9275711e-03   2.5553876e-03
   9.0000000e-02   1.7243603e-02   9.3785937e-03
   1.0000000e-01   5.4336341e-02   2.4345358e-02
   1.1000000e-01   1.7901801e-01   2.9702777e-02
   1.2000000e-01   3.1050000e-01   2.2041079e-02
   1.3000000e-01   4.1896697e-01   1.8819481e-02
   1.4000000e-01   5.0718624e-01   1.5134497e-02
   1.5000000e-01   5.8050260e-01   1.2939959e-02
   1.6000000e-01   6.4031868e-01   1.0595695e-02
   1.7000000e-01   6.9068222e-01   9.2968044e-03
   1.8000000e-01   7.3344096e-01   7.9368713e-03
   1.9000000e-01   7.6965954e-01   7.5405379e-03
   2.0000000e-01   7.9953107e-01   6.4513196e-03
   2.1000000e-01   8.2571139e-01   5.7047739e-03
   2.2000000e-01   8.4820849e-01   4.9556613e-03
   2.3000000e-01   8.6719880e-01   4.6248124e-03
   2.4000000e-01   8.8394416e-01   4.2945320e-03
   2.5000000e-01   8.9862937e-01   3.9198892e-03
   2.6000000e-01   9.1106494e-01   3.3588149e-03
   2.7000000e-01   9.2210579e-01   3.3052053e-03
   2.8000000e-01   9.3166943e-01   3.0524854e-03
   2.9000000e-01   9.4013706e-01   2.7942668e-03
   3.0000000e-01   9.4760749e-01   2.6162586e-03
   3.1000000e-01   9.5387133e-01   2.4582523e-03
   3.2000000e-01   9.5974515e-01   2.1778512e-03
   3.3000000e-01   9.6477413e-01   1.9327401e-03
   3.4000000e-01   9.6918941e-01   1.8779513e-03
   3.5000000e-01   9.7290699e-01   1.7454067e-03
   3.6000000e-01   9.7631209e-01   1.5694459e-03
   3.7000000e-01   9.7938711e-01   1.4645337e-03
   3.8000000e-01   9.8205235e-01   1.4330817e-03
   3.9000000e-01   9.8430490e-01   1.3060552e-03
   4.0000000e-01   9.8629610e-01   1.1914425e-03
   4.1000000e-01   9.8813936e-01   1.0898630e-03
   4.2000000e-01   9.8979471e-01   1.0464067e-03
   4.3000000e-01   9.9108122e-01   9.6754884e-04
   4.4000000e-01   9.9225904e-01   8.5589026e-04
   4.5000000e-01   9.9332707e-01   8.0265315e-04
   4.6000000e-01   9.9428332e-01   7.4933963e-04
   4.7000000e-01   9.9505784e-01   6.8313561e-04
   4.8000000e-01   9.9579720e-01   6.2584382e-04
   4.9000000e-01   9.9637103e-01   5.9776460e-04
   5.0000000e-01   9.9687722e-01   5.5390781e-04
   5.1000000e-01   9.9735564e-01   5.0055974e-04
   5.2000000e-01   9.9772258e-01   4.6023682e-04
   5.3000000e-01   9.9805564e-01   4.2819068e-04
   5.4000000e-01   9.9835285e-01   3.9964318e-04
   5.5000000e-01   9.9858821e-01   3.6903213e-04
   5.6000000e-01   9.9881978e-01   3.4198158e-04
   5.7000000e-01   9.9899780e-01   3.1282153e-04
   5.8000000e-01   9.9915644e-01   2.7641370e-04
   5.9000000e-01   9.9928811e-01   2.7050944e-04
   6.0000000e-01   9.9941838e-01   2.3508831e-04
   6.1000000e-01   9.9950070e-01   2.1749071e-04
   6.2000000e-01   9.9959500e-01   1.9503074e-04
   6.3000000e-01   9.9964615e-01   1.8054112e-04
   6.4000000e-01   9.9970969e-01   1.7107524e-04
   6.5000000e-01   9.9976364e-01   1.4843965e-04
   6.6000000e-01   9.9979890e-01   1.3583203e-04
   6.7000000e-01   9.9982757e-01   1.2916005e-04
   6.8000000e-01   9.9986593e-01   1.1685331e-04
   6.9000000e-01   9.9988911e-01   1.0149388e-04
   7.0000000e-01   9.9990340e-01   9.6845612e-05
   7.1000000e-01   9.9991798e-01   8.9489191e-05
   7.2000000e-01   9.9993606e-01   7.7987242e-05
   7.3000000e-01   9.9994575e-01   7.5357659e-05
   7.4000000e-01   9.9995744e-01   6.4829392e-05
   7.5000000e-01   9.9996314e-01   5.9382018e-05
   7.6000000e-01   9.9997053e-01   5.2705233e-05
   7.7000000e-01   9.9997502e-01   4.8510526e-05
   7.8000000e-01   9.9998172e-01   4.1155204e-05
   7.9000000e-01   9.9998482e-01   3.8310874e-05
   8.0000000e-01   9.9998462e-01   3.7704844e-05
   8.1000000e-01   9.9999171e-01   2.7935612e-05
   8.2000000e-01   9.9999201e-01   2.8552560e-05
   8.3000000e-01   9.9999361e-01   2.5267419e-05
   8.4000000e-01   9.9999421e-01   2.3787135e-05
   8.5000000e-01   9.9999491e-01   2.2439084e-05
   8.6000000e-01   9.9999690e-01   1.7323380e-05
   8.7000000e-01   9.9999710e-01   1.6772510e-05
   8.8000000e-01   9.9999770e-01   1.4983017e-05
   8.9000000e-01   9.9999840e-01   1.2541343e-05
   9.0000000e-01   9.9999900e-01   9.9449533e-06
   9.1000000e-01   9.9999900e-01   9.9449533e-06
   9.2000000e-01   9.9999960e-01   6.3087526e-06
   9.3000000e-01   9.9999960e-01   6.3087526e-06
   9.4000000e-01   9.9999960e-01   6.3087526e-06
   9.5000000e-01   9.9999990e-01   3.1591185e-06
   9.6000000e-01   1.0000000e+00   0.0000000e+00
   9.7000000e-01   1.0000000e+00   0.0000000e+00
   9.8000000e-01   1.0000000e+00   0.0000000e+00
   9.9000000e-01   1.0000000e+00   0.0000000e+00
   1.0000000e+00   1.0000000e+00   0.0000000e+00
