   0.0000000e+00   1.0000000e-03   4.3368087e-19
   1.0000000e-02   1.1777080e-03   1.0589718e-04
   2.0000000e-02   1.3485179e-03   1.6438365e-04
   3.0000000e-02   1.5534848e-03   2.4159189e-04
   4.0000000e-02   1.9571936e-03   3.7676374e-04
   5.0000000e-02   2.4583490e-03   5.4410597e-04
   6.0000000e-02   3.1703565e-03   8.5152069e-04
   7.0000000e-02   4.2471513e-03   1.3894554e-03
   8.0000000e-02   7.5319347e-03   3.0066564e-03
   9.0000000e-02   1.3972000e-02   7.0620305e-03
   1.0000000e-01   5.8562211e-02   2.5185277e-02
   1.1000000e-01   1.8509527e-01   3.0081587e-02
   1.2000000e-01   3.1403567e-01   2.0481311e-02
   1.3000000e-01   4.2356283e-01   1.7652510e-02
   1.4000000e-01   5.1227968e-01   1.5866323e-02
   1.5000000e-01   5.8774456e-01   1.2953701e-02
   1.6000000e-01   6.4901479e-01   1.0617993e-02
   1.7000000e-01   6.9997982e-01   9.0928781e-03
   1.8000000e-01   7.4259481e-01   7.9017476e-03
   1.9000000e-01   7.7827512e-01   6.9247526e-03
   2.0000000e-01   8.0937103e-01   6.1782060e-03
   2.1000000e-01   8.3557283e-01   5.6477556e-03
   2.2000000e-01   8.5810759e-01   5.1383771e-03
   2.3000000e-01   8.7748102e-01   4.7268146e-03
   2.4000000e-01   8.9414885e-01   3.9327134e-03
   2.5000000e-01   9.0845385e-01   3.6527257e-03
   2.6000000e-01   9.2068581e-01   3.4230573e-03
   2.7000000e-01   9.3138332e-01   3.0895349e-03
   2.8000000e-01   9.4075355e-01   2.7385307e-03
   2.9000000e-01   9.4880080e-01   2.6457474e-03
   3.0000000e-01   9.5585904e-01   2.4204838e-03
   3.1000000e-01   9.6182517e-01   2.0933474e-03
   3.2000000e-01   9.6717083e-01   2.0197447e-03
   3.3000000e-01   9.7162907e-01   1.7489440e-03
   3.4000000e-01   9.7554186e-01   1.5818577e-03
   3.5000000e-01   9.7901139e-01   1.5303882e-03
   3.6000000e-01   9.8200110e-01   1.4414753e-03
   3.7000000e-01   9.8449610e-01   1.3069379e-03
   3.8000000e-01   9.8670939e-01   1.2140173e-03
   3.9000000e-01   9.8854795e-01   1.1072003e-03
   4.0000000e-01   9.9031758e-01   9.9196097e-04
   4.1000000e-01   9.9170529e-01   9.3334388e-04
   4.2000000e-01   9.9291429e-01   8.2642769e-04
   4.3000000e-01   9.9405894e-01   7.9592021e-04
   4.4000000e-01   9.9487333e-01   7.2494984e-04
   4.5000000e-01   9.9564466e-01   6.5464902e-04
   4.6000000e-01   9.9635115e-01   6.0234405e-04
   4.7000000e-01   9.9689860e-01   5.5511250e-04
   4.8000000e-01   9.9739500e-01   5.1234025e-04
   4.9000000e-01   9.9783397e-01   4.7809683e-04
   5.0000000e-01   9.9815385e-01   4.2307057e-04
   5.1000000e-01   9.9844735e-01   3.9791601e-04
   5.2000000e-01   9.9871838e-01   3.4398177e-04
   5.3000000e-01   9.9892927e-01   3.2763550e-04
   5.4000000e-01   9.9910120e-01   3.0021398e-04
   5.5000000e-01   9.9925504e-01   2.7730871e-04
   5.6000000e-01   9.9939011e-01   2.4720634e-04
   5.7000000e-01   9.9950010e-01   2.1895673e-04
   5.8000000e-01   9.9958112e-01   2.0290878e-04
   5.9000000e-01   9.9966194e-01   1.8255551e-04
   6.0000000e-01   9.9971858e-01   1.7054413e-04
   6.1000000e-01   9.9977183e-01   1.4880662e-04
   6.2000000e-01   9.9980450e-01   1.3939275e-04
   6.3000000e-01   9.9984116e-01   1.1903817e-04
   6.4000000e-01   9.9987622e-01   1.0403510e-04
   6.5000000e-01   9.9990320e-01   9.6749211e-05
   6.6000000e-01   9.9991918e-01   8.7086992e-05
   6.7000000e-01   9.9993227e-01   8.1859949e-05
   6.8000000e-01   9.9994585e-01   7.2663710e-05
   6.9000000e-01   9.9995534e-01   6.5342455e-05
   7.0000000e-01   9.9996434e-01   6.0441129e-05
   7.1000000e-01   9.9997113e-01   5.3035946e-05
   7.2000000e-01   9.9998032e-01   4.5389839e-05
   7.3000000e-01   9.9998442e-01   3.7887302e-05
   7.4000000e-01   9.9998541e-01   3.6410537e-05
   7.5000000e-01   9.9998891e-01   3.2339870e-05
   7.6000000e-01   9.9999071e-01   2.9710498e-05
   7.7000000e-01   9.9999341e-01   2.5216020e-05
   7.8000000e-01   9.9999540e-01   2.1871963e-05
   7.9000000e-01   9.9999610e-01   1.9859778e-05
   8.0000000e-01   9.9999690e-01   1.7890766e-05
   8.1000000e-01   9.9999900e-01   9.9449533e-06
   8.2000000e-01   9.9999810e-01   1.3645783e-05
   8.3000000e-01   9.9999800e-01   1.3993148e-05
   8.4000000e-01   9.9999910e-01   9.4393701e-06
   8.5000000e-01   9.9999940e-01   7.7188587e-06
   8.6000000e-01   9.9999940e-01   7.7188587e-06
   8.7000000e-01   1.0000000e+00   0.0000000e+00
   8.8000000e-01   9.9999980e-01   4.4654339e-06
   8.9000000e-01   9.9999980e-01   4.4654339e-06
   9.0000000e-01   1.0000000e+00   0.0000000e+00
   9.1000000e-01   1.0000000e+00   0.0000000e+00
   9.2000000e-01   1.0000000e+00   0.0000000e+00
   9.3000000e-01   9.9999990e-01   3.1591185e-06
   9.4000000e-01   1.0000000e+00   0.0000000e+00
   9.5000000e-01   1.0000000e+00   0.0000000e+00
   9.6000000e-01   1.0000000e+00   0.0000000e+00
   9.7000000e-01   1.0000000e+00   0.0000000e+00
   9.8000000e-01   1.0000000e+00   0.0000000e+00
   9.9000000e-01   1.0000000e+00   0.0000000e+00
   1.0000000e+00   1.0000000e+00   0.0000000e+00
