   0.0000000e+00   1.0000000e-03   6.5052130e-19
   1.0000000e-02   1.3664122e-03   1.8542737e-04
   2.0000000e-02   1.8998408e-03   3.9043089e-04
   3.0000000e-02   3.2978558e-03   8.8883879e-04
   4.0000000e-02   7.2710921e-03   2.9046959e-03
   5.0000000e-02   6.5836408e-02   2.6604159e-02
   6.0000000e-02   3.2548534e-01   2.1692460e-02
   7.0000000e-02   5.1643317e-01   1.4842756e-02
   8.0000000e-02   6.4692498e-01   1.0601031e-02
   9.0000000e-02   7.3619171e-01   8.2931288e-03
   1.0000000e-01   7.9976693e-01   6.4528797e-03
   1.1000000e-01   8.4577233e-01   5.2896543e-03
   1.2000000e-01   8.8071239e-01   4.3238514e-03
   1.3000000e-01   9.0637682e-01   3.6961062e-03
   1.4000000e-01   9.2629091e-01   3.1741097e-03
   1.5000000e-01   9.4146743e-01   2.7699469e-03
   1.6000000e-01   9.5335994e-01   2.3905081e-03
   1.7000000e-01   9.6270989e-01   2.1930533e-03
   1.8000000e-01   9.7002308e-01   1.9437949e-03
   1.9000000e-01   9.7590879e-01   1.6522931e-03
   2.0000000e-01   9.8065135e-01   1.4837450e-03
   2.1000000e-01   9.8428312e-01   1.3160975e-03
   2.2000000e-01   9.8726184e-01   1.1699203e-03
   2.3000000e-01   9.8963347e-01   1.0536028e-03
   2.4000000e-01   9.9165125e-01   8.8232785e-04
   2.5000000e-01   9.9318581e-01   8.3925813e-04
   2.6000000e-01   9.9443427e-01   7.6871566e-04
   2.7000000e-01   9.9546444e-01   7.3466603e-04
   2.8000000e-01   9.9629980e-01   6.1473739e-04
   2.9000000e-01   9.9698032e-01   5.3895438e-04
   3.0000000e-01   9.9755145e-01   4.8146505e-04
   3.1000000e-01   9.9795944e-01   4.5087692e-04
   3.2000000e-01   9.9838112e-01   4.0770936e-04
   3.3000000e-01   9.9863616e-01   3.5313760e-04
   3.4000000e-01   9.9891419e-01   3.3161513e-04
   3.5000000e-01   9.9910110e-01   2.9936461e-04
   3.6000000e-01   9.9927403e-01   2.6535686e-04
   3.7000000e-01   9.9940719e-01   2.3709070e-04
   3.8000000e-01   9.9949980e-01   2.2259921e-04
   3.9000000e-01   9.9959890e-01   2.0383141e-04
   4.0000000e-01   9.9967043e-01   1.7880924e-04
   4.1000000e-01   9.9971878e-01   1.6395131e-04
   4.2000000e-01   9.9977093e-01   1.5251484e-04
   4.3000000e-01   9.9981019e-01   1.3190400e-04
   4.4000000e-01   9.9984675e-01   1.2367963e-04
   4.5000000e-01   9.9987453e-01   1.0829899e-04
   4.6000000e-01   9.9989091e-01   1.0294016e-04
   4.7000000e-01   9.9991029e-01   9.5785391e-05
   4.8000000e-01   9.9992917e-01   8.1740628e-05
   4.9000000e-01   9.9993886e-01   7.6108536e-05
   5.0000000e-01   9.9994575e-01   7.6148913e-05
   5.1000000e-01   9.9995475e-01   6.5082442e-05
   5.2000000e-01   9.9996603e-01   5.6231600e-05
   5.3000000e-01   9.9996503e-01   5.8760284e-05
   5.4000000e-01   9.9997303e-01   5.1079538e-05
   5.5000000e-01   9.9997652e-01   4.7707711e-05
   5.6000000e-01   9.9998252e-01   4.1016747e-05
   5.7000000e-01   9.9998242e-01   4.0851935e-05
   5.8000000e-01   9.9998392e-01   3.8335093e-05
   5.9000000e-01   9.9998821e-01   3.3463104e-05
   6.0000000e-01   9.9998911e-01   3.2407691e-05
   6.1000000e-01   9.9999021e-01   3.1033737e-05
   6.2000000e-01   9.9999251e-01   2.6327041e-05
   6.3000000e-01   9.9999331e-01   2.5387208e-05
   6.4000000e-01   9.9999361e-01   2.4868905e-05
   6.5000000e-01   9.9999311e-01   2.6864770e-05
   6.6000000e-01   9.9999530e-01   2.1620930e-05
   6.7000000e-01   9.9999491e-01   2.1989371e-05
   6.8000000e-01   9.9999610e-01   1.9350214e-05
   6.9000000e-01   9.9999720e-01   1.6489267e-05
   7.0000000e-01   9.9999640e-01   1.8620049e-05
   7.1000000e-01   9.9999730e-01   1.6200458e-05
   7.2000000e-01   9.9999780e-01   1.5327423e-05
   7.3000000e-01   9.9999790e-01   1.4331400e-05
   7.4000000e-01   9.9999740e-01   1.5905778e-05
   7.5000000e-01   9.9999910e-01   9.4393701e-06
   7.6000000e-01   9.9999830e-01   1.2920756e-05
   7.7000000e-01   9.9999850e-01   1.2149265e-05
   7.8000000e-01   9.9999870e-01   1.1321815e-05
   7.9000000e-01   9.9999920e-01   8.9040080e-06
   8.0000000e-01   9.9999920e-01   8.9040080e-06
   8.1000000e-01   9.9999900e-01   9.9449533e-06
   8.2000000e-01   9.9999910e-01   9.4393701e-06
   8.3000000e-01   9.9999940e-01   7.7188587e-06
   8.4000000e-01   9.9999960e-01   6.3087526e-06
   8.5000000e-01   9.9999960e-01   6.3087526e-06
   8.6000000e-01   9.9999960e-01   6.3087526e-06
   8.7000000e-01   9.9999990e-01   3.1591185e-06
   8.8000000e-01   9.9999990e-01   3.1591185e-06
   8.9000000e-01   9.9999970e-01   5.4662793e-06
   9.0000000e-01   9.9999990e-01   3.1591185e-06
   9.1000000e-01   9.9999980e-01   4.4654339e-06
   9.2000000e-01   1.0000000e+00   0.0000000e+00
   9.3000000e-01   9.9999990e-01   3.1591185e-06
   9.4000000e-01   1.0000000e+00   0.0000000e+00
   9.5000000e-01   1.0000000e+00   0.0000000e+00
   9.6000000e-01   1.0000000e+00   0.0000000e+00
   9.7000000e-01   1.0000000e+00   0.0000000e+00
   9.8000000e-01   1.0000000e+00   0.0000000e+00
   9.9000000e-01   1.0000000e+00   0.0000000e+00
   1.0000000e+00   1.0000000e+00   0.0000000e+00
