   0.0000000e+00   1.0000000e-03   6.5052130e-19
   1.0000000e-02   1.1779687e-03   9.8578644e-05
   2.0000000e-02   1.3709625e-03   1.8324220e-04
   3.0000000e-02   1.5762931e-03   2.7106335e-04
   4.0000000e-02   1.9644809e-03   3.8263152e-04
   5.0000000e-02   2.4477444e-03   5.4968770e-04
   6.0000000e-02   3.2157282e-03   8.7066831e-04
   7.0000000e-02   4.6544148e-03   1.5065279e-03
   8.0000000e-02   8.1154897e-03   3.2622416e-03
   9.0000000e-02   1.9963807e-02   1.0651217e-02
   1.0000000e-01   7.5867317e-02   3.1275196e-02
   1.1000000e-01   2.3258533e-01   2.9993169e-02
   1.2000000e-01   3.7943245e-01   2.1708875e-02
   1.3000000e-01   4.9730141e-01   1.7938081e-02
   1.4000000e-01   5.9421988e-01   1.3865352e-02
   1.5000000e-01   6.6908152e-01   1.1022299e-02
   1.6000000e-01   7.2978292e-01   8.8863373e-03
   1.7000000e-01   7.7855614e-01   7.6510252e-03
   1.8000000e-01   8.1764785e-01   6.4468113e-03
   1.9000000e-01   8.4979820e-01   5.4989343e-03
   2.0000000e-01   8.7573077e-01   4.9824359e-03
   2.1000000e-01   8.9685325e-01   4.2239922e-03
   2.2000000e-01   9.1450280e-01   3.6721285e-03
   2.3000000e-01   9.2911279e-01   3.3406611e-03
   2.4000000e-01   9.4106993e-01   2.8220420e-03
   2.5000000e-01   9.5099880e-01   2.6869163e-03
   2.6000000e-01   9.5926114e-01   2.2542441e-03
   2.7000000e-01   9.6596733e-01   2.1425385e-03
   2.8000000e-01   9.7171798e-01   1.8972498e-03
   2.9000000e-01   9.7647353e-01   1.6444343e-03
   3.0000000e-01   9.8040160e-01   1.4925447e-03
   3.1000000e-01   9.8378681e-01   1.3925253e-03
   3.2000000e-01   9.8646024e-01   1.1745289e-03
   3.3000000e-01   9.8879690e-01   1.1152115e-03
   3.4000000e-01   9.9065664e-01   1.0430869e-03
   3.5000000e-01   9.9233936e-01   9.2462655e-04
   3.6000000e-01   9.9358891e-01   7.8933128e-04
   3.7000000e-01   9.9469670e-01   7.4813062e-04
   3.8000000e-01   9.9561149e-01   6.5603925e-04
   3.9000000e-01   9.9635075e-01   5.9449854e-04
   4.0000000e-01   9.9699550e-01   5.8293221e-04
   4.1000000e-01   9.9754096e-01   5.2129543e-04
   4.2000000e-01   9.9796334e-01   4.5239341e-04
   4.3000000e-01   9.9834066e-01   3.9496730e-04
   4.4000000e-01   9.9863536e-01   3.7728735e-04
   4.5000000e-01   9.9887802e-01   3.3627875e-04
   4.6000000e-01   9.9908871e-01   3.0693359e-04
   4.7000000e-01   9.9925504e-01   2.7306128e-04
   4.8000000e-01   9.9939061e-01   2.4663920e-04
   4.9000000e-01   9.9950969e-01   2.2263521e-04
   5.0000000e-01   9.9959211e-01   2.0041827e-04
   5.1000000e-01   9.9967233e-01   1.8130253e-04
   5.2000000e-01   9.9973237e-01   1.7193524e-04
   5.3000000e-01   9.9977233e-01   1.4812675e-04
   5.4000000e-01   9.9982607e-01   1.3729756e-04
   5.5000000e-01   9.9985205e-01   1.2434966e-04
   5.6000000e-01   9.9988312e-01   1.0350827e-04
   5.7000000e-01   9.9990569e-01   9.7201308e-05
   5.8000000e-01   9.9992378e-01   8.5596724e-05
   5.9000000e-01   9.9994286e-01   7.4470683e-05
   6.0000000e-01   9.9994695e-01   7.5017193e-05
   6.1000000e-01   9.9995514e-01   6.6118321e-05
   6.2000000e-01   9.9996284e-01   6.1593414e-05
   6.3000000e-01   9.9997243e-01   5.3629515e-05
   6.4000000e-01   9.9997792e-01   4.5606994e-05
   6.5000000e-01   9.9998152e-01   4.2734829e-05
   6.6000000e-01   9.9998761e-01   3.5848410e-05
   6.7000000e-01   9.9998821e-01   3.4923909e-05
   6.8000000e-01   9.9999151e-01   2.8930696e-05
   6.9000000e-01   9.9999231e-01   2.8106570e-05
   7.0000000e-01   9.9999540e-01   2.0938546e-05
   7.1000000e-01   9.9999610e-01   1.9859778e-05
   7.2000000e-01   9.9999670e-01   1.7855029e-05
   7.3000000e-01   9.9999750e-01   1.5604894e-05
   7.4000000e-01   9.9999800e-01   1.3993148e-05
   7.5000000e-01   9.9999740e-01   1.5905778e-05
   7.6000000e-01   9.9999870e-01   1.1321815e-05
   7.7000000e-01   9.9999880e-01   1.0883152e-05
   7.8000000e-01   9.9999900e-01   9.9449533e-06
   7.9000000e-01   9.9999920e-01   8.9040080e-06
   8.0000000e-01   9.9999970e-01   5.4662793e-06
   8.1000000e-01   9.9999950e-01   7.0498616e-06
   8.2000000e-01   9.9999980e-01   4.4654339e-06
   8.3000000e-01   9.9999960e-01   6.3087526e-06
   8.4000000e-01   9.9999970e-01   5.4662793e-06
   8.5000000e-01   9.9999970e-01   5.4662793e-06
   8.6000000e-01   9.9999990e-01   3.1591185e-06
   8.7000000e-01   1.0000000e+00   0.0000000e+00
   8.8000000e-01   9.9999990e-01   3.1591185e-06
   8.9000000e-01   9.9999990e-01   3.1591185e-06
   9.0000000e-01   1.0000000e+00   0.0000000e+00
   9.1000000e-01   1.0000000e+00   0.0000000e+00
   9.2000000e-01   1.0000000e+00   0.0000000e+00
   9.3000000e-01   1.0000000e+00   0.0000000e+00
   9.4000000e-01   1.0000000e+00   0.0000000e+00
   9.5000000e-01   1.0000000e+00   0.0000000e+00
   9.6000000e-01   1.0000000e+00   0.0000000e+00
   9.7000000e-01   1.0000000e+00   0.0000000e+00
   9.8000000e-01   1.0000000e+00   0.0000000e+00
   9.9000000e-01   1.0000000e+00   0.0000000e+00
   1.0000000e+00   1.0000000e+00   0.0000000e+00
