   0.0000000e+00   1.0000000e-03   6.5052130e-19
   1.0000000e-02   1.1970297e-03   1.1871401e-04
   2.0000000e-02   1.3970509e-03   1.9897024e-04
   3.0000000e-02   1.7915808e-03   2.9985319e-04
   4.0000000e-02   2.3454383e-03   5.1964256e-04
   5.0000000e-02   3.1694818e-03   8.6228812e-04
   6.0000000e-02   5.1177966e-03   1.9760915e-03
   7.0000000e-02   1.0059535e-02   4.5537758e-03
   8.0000000e-02   3.9773066e-02   2.1552841e-02
   9.0000000e-02   2.4467762e-01   3.8729521e-02
   1.0000000e-01   4.5415902e-01   2.2052192e-02
   1.1000000e-01   5.9304294e-01   1.5333047e-02
   1.2000000e-01   6.9084635e-01   1.1075909e-02
   1.3000000e-01   7.6131159e-01   8.2030370e-03
   1.4000000e-01   8.1358761e-01   6.6084110e-03
   1.5000000e-01   8.5316174e-01   5.5442967e-03
   1.6000000e-01   8.8359211e-01   4.4759216e-03
   1.7000000e-01   9.0695075e-01   3.8682966e-03
   1.8000000e-01   9.2526334e-01   3.3954492e-03
   1.9000000e-01   9.3953027e-01   2.9329696e-03
   2.0000000e-01   9.5135664e-01   2.4836968e-03
   2.1000000e-01   9.6034745e-01   2.2362726e-03
   2.2000000e-01   9.6781289e-01   2.0164765e-03
   2.3000000e-01   9.7368462e-01   1.7078543e-03
   2.4000000e-01   9.7847313e-01   1.5798263e-03
   2.5000000e-01   9.8254136e-01   1.3789729e-03
   2.6000000e-01   9.8562408e-01   1.2223075e-03
   2.7000000e-01   9.8811269e-01   1.1470454e-03
   2.8000000e-01   9.9024875e-01   1.0224068e-03
   2.9000000e-01   9.9200380e-01   9.2242870e-04
   3.0000000e-01   9.9339051e-01   8.4070985e-04
   3.1000000e-01   9.9454905e-01   7.5629995e-04
   3.2000000e-01   9.9545495e-01   6.7905589e-04
   3.3000000e-01   9.9627443e-01   6.0619949e-04
   3.4000000e-01   9.9691289e-01   5.5118051e-04
   3.5000000e-01   9.9741858e-01   5.0995522e-04
   3.6000000e-01   9.9785944e-01   4.7540223e-04
   3.7000000e-01   9.9821868e-01   4.2440610e-04
   3.8000000e-01   9.9852118e-01   3.8892126e-04
   3.9000000e-01   9.9874935e-01   3.3821249e-04
   4.0000000e-01   9.9896873e-01   3.0847388e-04
   4.1000000e-01   9.9912268e-01   2.8470014e-04
   4.2000000e-01   9.9925524e-01   2.7578779e-04
   4.3000000e-01   9.9936713e-01   2.5791888e-04
   4.4000000e-01   9.9947153e-01   2.3139796e-04
   4.5000000e-01   9.9955305e-01   2.0632653e-04
   4.6000000e-01   9.9961518e-01   2.0101936e-04
   4.7000000e-01   9.9967193e-01   1.6932958e-04
   4.8000000e-01   9.9971788e-01   1.6365551e-04
   4.9000000e-01   9.9975185e-01   1.5236753e-04
   5.0000000e-01   9.9979061e-01   1.4515735e-04
   5.1000000e-01   9.9982118e-01   1.3428692e-04
   5.2000000e-01   9.9983996e-01   1.2315207e-04
   5.3000000e-01   9.9985984e-01   1.1363389e-04
   5.4000000e-01   9.9987762e-01   1.0548750e-04
   5.5000000e-01   9.9989391e-01   9.7484993e-05
   5.6000000e-01   9.9990559e-01   9.6640219e-05
   5.7000000e-01   9.9991918e-01   8.8791015e-05
   5.8000000e-01   9.9993137e-01   8.1414965e-05
   5.9000000e-01   9.9993397e-01   7.6676434e-05
   6.0000000e-01   9.9994496e-01   7.2054362e-05
   6.1000000e-01   9.9994875e-01   7.3454364e-05
   6.2000000e-01   9.9995794e-01   6.3208902e-05
   6.3000000e-01   9.9996054e-01   5.9897587e-05
   6.4000000e-01   9.9996843e-01   5.4401085e-05
   6.5000000e-01   9.9997123e-01   5.2427473e-05
   6.6000000e-01   9.9997333e-01   4.8533151e-05
   6.7000000e-01   9.9997562e-01   4.9424609e-05
   6.8000000e-01   9.9997712e-01   4.6945820e-05
   6.9000000e-01   9.9998052e-01   4.5913199e-05
   7.0000000e-01   9.9998362e-01   4.0369283e-05
   7.1000000e-01   9.9998761e-01   3.5002406e-05
   7.2000000e-01   9.9998961e-01   3.0838240e-05
   7.3000000e-01   9.9998871e-01   3.3186386e-05
   7.4000000e-01   9.9999131e-01   2.9555238e-05
   7.5000000e-01   9.9999161e-01   2.8084191e-05
   7.6000000e-01   9.9999510e-01   2.2483516e-05
   7.7000000e-01   9.9999441e-01   2.3834916e-05
   7.8000000e-01   9.9999520e-01   2.1829029e-05
   7.9000000e-01   9.9999471e-01   2.2834549e-05
   8.0000000e-01   9.9999620e-01   1.9626238e-05
   8.1000000e-01   9.9999630e-01   1.8867107e-05
   8.2000000e-01   9.9999740e-01   1.6521918e-05
   8.3000000e-01   9.9999830e-01   1.2920756e-05
   8.4000000e-01   9.9999810e-01   1.4359228e-05
   8.5000000e-01   9.9999890e-01   1.0425091e-05
   8.6000000e-01   9.9999890e-01   1.0425091e-05
   8.7000000e-01   9.9999900e-01   9.9449533e-06
   8.8000000e-01   9.9999970e-01   5.4662793e-06
   8.9000000e-01   9.9999920e-01   8.9040080e-06
   9.0000000e-01   9.9999940e-01   7.7188587e-06
   9.1000000e-01   9.9999940e-01   7.7188587e-06
   9.2000000e-01   9.9999990e-01   3.1591185e-06
   9.3000000e-01   9.9999980e-01   4.4654339e-06
   9.4000000e-01   1.0000000e+00   0.0000000e+00
   9.5000000e-01   9.9999990e-01   3.1591185e-06
   9.6000000e-01   1.0000000e+00   0.0000000e+00
   9.7000000e-01   1.0000000e+00   0.0000000e+00
   9.8000000e-01   1.0000000e+00   0.0000000e+00
   9.9000000e-01   1.0000000e+00   0.0000000e+00
   1.0000000e+00   1.0000000e+00   0.0000000e+00
