   0.0000000e+00   1.0000000e-03   6.5052130e-19
   1.0000000e-02   1.1798712e-03   1.0385787e-04
   2.0000000e-02   1.3651917e-03   1.7757181e-04
   3.0000000e-02   1.6582301e-03   2.6297895e-04
   4.0000000e-02   1.9910035e-03   4.1196050e-04
   5.0000000e-02   2.4683824e-03   5.3936267e-04
   6.0000000e-02   3.1589888e-03   8.4111556e-04
   7.0000000e-02   4.7512397e-03   1.6099441e-03
   8.0000000e-02   8.1179372e-03   3.5613195e-03
   9.0000000e-02   1.9980157e-02   1.0168896e-02
   1.0000000e-01   8.8212586e-02   3.1548994e-02
   1.1000000e-01   2.4717544e-01   2.8716382e-02
   1.2000000e-01   3.9250560e-01   2.1221016e-02
   1.3000000e-01   5.0798508e-01   1.7749637e-02
   1.4000000e-01   6.0166683e-01   1.3620222e-02
   1.5000000e-01   6.7360240e-01   1.1065368e-02
   1.6000000e-01   7.3303986e-01   8.8146243e-03
   1.7000000e-01   7.8069151e-01   7.4581589e-03
   1.8000000e-01   8.1882537e-01   6.3973970e-03
   1.9000000e-01   8.4977892e-01   5.2850802e-03
   2.0000000e-01   8.7555554e-01   4.8442425e-03
   2.1000000e-01   8.9613297e-01   4.0377752e-03
   2.2000000e-01   9.1348002e-01   3.7171176e-03
   2.3000000e-01   9.2779620e-01   3.3845458e-03
   2.4000000e-01   9.3933397e-01   2.8630976e-03
   2.5000000e-01   9.4930979e-01   2.4991835e-03
   2.6000000e-01   9.5752028e-01   2.2933815e-03
   2.7000000e-01   9.6433606e-01   2.0570990e-03
   2.8000000e-01   9.6984855e-01   1.8759428e-03
   2.9000000e-01   9.7466753e-01   1.6524419e-03
   3.0000000e-01   9.7862557e-01   1.4690634e-03
   3.1000000e-01   9.8200190e-01   1.4078652e-03
   3.2000000e-01   9.8487532e-01   1.2825037e-03
   3.3000000e-01   9.8715824e-01   1.1810418e-03
   3.4000000e-01   9.8914905e-01   1.0647947e-03
   3.5000000e-01   9.9079840e-01   9.7923365e-04
   3.6000000e-01   9.9218981e-01   8.8652701e-04
   3.7000000e-01   9.9345395e-01   7.9710196e-04
   3.8000000e-01   9.9443616e-01   7.1669883e-04
   3.9000000e-01   9.9527632e-01   6.5670207e-04
   4.0000000e-01   9.9597373e-01   6.1864067e-04
   4.1000000e-01   9.9656404e-01   5.5748946e-04
   4.2000000e-01   9.9704076e-01   5.3384645e-04
   4.3000000e-01   9.9749680e-01   4.8371044e-04
   4.4000000e-01   9.9788082e-01   4.5923940e-04
   4.5000000e-01   9.9819800e-01   4.0213715e-04
   4.6000000e-01   9.9843626e-01   3.8704499e-04
   4.7000000e-01   9.9867632e-01   3.4624988e-04
   4.8000000e-01   9.9883886e-01   3.2424245e-04
   4.9000000e-01   9.9901968e-01   3.0732369e-04
   5.0000000e-01   9.9914905e-01   2.8025534e-04
   5.1000000e-01   9.9924965e-01   2.7211823e-04
   5.2000000e-01   9.9936983e-01   2.5045188e-04
   5.3000000e-01   9.9945874e-01   2.2515621e-04
   5.4000000e-01   9.9953237e-01   2.1011221e-04
   5.5000000e-01   9.9958981e-01   1.9853626e-04
   5.6000000e-01   9.9964935e-01   1.8080207e-04
   5.7000000e-01   9.9969670e-01   1.7020620e-04
   5.8000000e-01   9.9974525e-01   1.5484180e-04
   5.9000000e-01   9.9977992e-01   1.4347755e-04
   6.0000000e-01   9.9980779e-01   1.3446613e-04
   6.1000000e-01   9.9982807e-01   1.3521426e-04
   6.2000000e-01   9.9986344e-01   1.1553540e-04
   6.3000000e-01   9.9988052e-01   1.1026319e-04
   6.4000000e-01   9.9990130e-01   9.7050980e-05
   6.5000000e-01   9.9991069e-01   9.0594795e-05
   6.6000000e-01   9.9992148e-01   8.7295998e-05
   6.7000000e-01   9.9993706e-01   7.9301175e-05
   6.8000000e-01   9.9994755e-01   7.5172153e-05
   6.9000000e-01   9.9995524e-01   6.8776702e-05
   7.0000000e-01   9.9995874e-01   6.6042807e-05
   7.1000000e-01   9.9996434e-01   5.9608976e-05
   7.2000000e-01   9.9997373e-01   5.2117988e-05
   7.3000000e-01   9.9997802e-01   4.7688671e-05
   7.4000000e-01   9.9998192e-01   4.3368611e-05
   7.5000000e-01   9.9998631e-01   3.6621802e-05
   7.6000000e-01   9.9998751e-01   3.5392844e-05
   7.7000000e-01   9.9999021e-01   3.1033737e-05
   7.8000000e-01   9.9999221e-01   2.7540195e-05
   7.9000000e-01   9.9999331e-01   2.5387208e-05
   8.0000000e-01   9.9999411e-01   2.4791332e-05
   8.1000000e-01   9.9999610e-01   1.9350214e-05
   8.2000000e-01   9.9999730e-01   1.6200458e-05
   8.3000000e-01   9.9999820e-01   1.3288591e-05
   8.4000000e-01   9.9999790e-01   1.5012296e-05
   8.5000000e-01   9.9999930e-01   8.3331296e-06
   8.6000000e-01   9.9999820e-01   1.3288591e-05
   8.7000000e-01   9.9999940e-01   7.7188587e-06
   8.8000000e-01   9.9999890e-01   1.0425091e-05
   8.9000000e-01   9.9999970e-01   5.4662793e-06
   9.0000000e-01   9.9999990e-01   3.1591185e-06
   9.1000000e-01   9.9999990e-01   3.1591185e-06
   9.2000000e-01   1.0000000e+00   0.0000000e+00
   9.3000000e-01   1.0000000e+00   0.0000000e+00
   9.4000000e-01   1.0000000e+00   0.0000000e+00
   9.5000000e-01   1.0000000e+00   0.0000000e+00
   9.6000000e-01   1.0000000e+00   0.0000000e+00
   9.7000000e-01   1.0000000e+00   0.0000000e+00
   9.8000000e-01   1.0000000e+00   0.0000000e+00
   9.9000000e-01   1.0000000e+00   0.0000000e+00
   1.0000000e+00   1.0000000e+00   0.0000000e+00
