1 8 0.000100
1 9 0.000200
1 11 0.000100
2 5 0.000100
2 6 0.000200
2 7 0.000200
2 8 0.000400
2 9 0.000100
2 10 0.000300
2 11 0.000600
2 12 0.000100
2 13 0.000500
2 14 0.000100
2 16 0.000100
3 6 0.000300
3 7 0.000800
3 8 0.001400
3 9 0.001100
3 10 0.001300
3 11 0.000700
3 12 0.000400
3 13 0.000400
3 14 0.000300
3 15 0.000300
3 16 0.000500
3 17 0.000200
4 2 0.000200
4 3 0.000100
4 4 0.000200
4 5 0.000600
4 6 0.001300
4 7 0.001000
4 8 0.002500
4 9 0.002400
4 10 0.001800
4 11 0.002400
4 12 0.002400
4 13 0.001300
4 14 0.000900
4 15 0.000300
4 16 0.000400
4 17 0.000300
4 19 0.000100
5 2 0.000100
5 3 0.000200
5 4 0.000500
5 5 0.002200
5 6 0.002600
5 7 0.002800
5 8 0.003800
5 9 0.005500
5 10 0.005100
5 11 0.004000
5 12 0.003900
5 13 0.002400
5 14 0.001800
5 15 0.001200
5 16 0.001000
5 17 0.000600
5 18 0.000400
5 19 0.000100
6 1 0.000100
6 2 0.000400
6 3 0.000500
6 4 0.000700
6 5 0.002300
6 6 0.002900
6 7 0.006200
6 8 0.008000
6 9 0.007200
6 10 0.007200
6 11 0.006000
6 12 0.006200
6 13 0.003800
6 14 0.004100
6 15 0.001700
6 16 0.001700
6 17 0.001000
6 18 0.000800
6 19 0.000200
6 21 0.000200
7 2 0.000200
7 3 0.001000
7 4 0.001400
7 5 0.003100
7 6 0.005300
7 7 0.008600
7 8 0.009100
7 9 0.010300
7 10 0.010300
7 11 0.010600
7 12 0.009600
7 13 0.005800
7 14 0.002900
7 15 0.003600
7 16 0.002100
7 17 0.001300
7 18 0.000500
7 19 0.000300
7 20 0.000200
7 22 0.000100
7 23 0.000200
8 2 0.000200
8 3 0.001400
8 4 0.003000
8 5 0.004300
8 6 0.007400
8 7 0.010300
8 8 0.012700
8 9 0.013100
8 10 0.013000
8 11 0.012200
8 12 0.010200
8 13 0.009100
8 14 0.005800
8 15 0.003500
8 16 0.002400
8 17 0.001600
8 18 0.001000
8 19 0.000100
8 20 0.000200
8 21 0.000100
8 27 0.000100
9 1 0.000100
9 2 0.000400
9 3 0.000800
9 4 0.002300
9 5 0.005800
9 6 0.009900
9 7 0.013100
9 8 0.012800
9 9 0.016000
9 10 0.015800
9 11 0.015300
9 12 0.011300
9 13 0.008100
9 14 0.005300
9 15 0.004700
9 16 0.003200
9 17 0.000900
9 18 0.001000
9 19 0.000500
9 20 0.000300
9 22 0.000200
10 2 0.000100
10 3 0.001800
10 4 0.002700
10 5 0.005200
10 6 0.008500
10 7 0.011300
10 8 0.014500
10 9 0.016200
10 10 0.015100
10 11 0.014300
10 12 0.011900
10 13 0.010800
10 14 0.006600
10 15 0.004300
10 16 0.002800
10 17 0.001400
10 18 0.000800
10 19 0.000800
10 20 0.000300
10 22 0.000100
10 23 0.000100
11 2 0.000400
11 3 0.000900
11 4 0.002200
11 5 0.004900
11 6 0.007100
11 7 0.011500
11 8 0.013500
11 9 0.012800
11 10 0.012700
11 11 0.013800
11 12 0.012000
11 13 0.007800
11 14 0.006100
11 15 0.003500
11 16 0.001900
11 17 0.001500
11 18 0.000400
11 19 0.000200
11 20 0.000200
11 21 0.000100
12 3 0.000700
12 4 0.002300
12 5 0.002700
12 6 0.007000
12 7 0.009400
12 8 0.010800
12 9 0.010000
12 10 0.011700
12 11 0.010700
12 12 0.009600
12 13 0.007700
12 14 0.004000
12 15 0.002700
12 16 0.001800
12 17 0.000700
12 18 0.000900
12 19 0.000200
12 20 0.000100
12 21 0.000100
13 2 0.000200
13 3 0.001000
13 4 0.002100
13 5 0.003100
13 6 0.005200
13 7 0.008000
13 8 0.009500
13 9 0.009800
13 10 0.009900
13 11 0.008000
13 12 0.006500
13 13 0.004700
13 14 0.003500
13 15 0.002600
13 16 0.001600
13 17 0.000800
13 18 0.001200
13 19 0.000200
13 21 0.000100
13 22 0.000100
14 3 0.000200
14 4 0.001300
14 5 0.001300
14 6 0.003600
14 7 0.004300
14 8 0.006600
14 9 0.006700
14 10 0.007000
14 11 0.005200
14 12 0.005800
14 13 0.002800
14 14 0.002300
14 15 0.001100
14 16 0.001400
14 17 0.000600
14 18 0.000400
14 19 0.000100
14 21 0.000100
15 2 0.000100
15 4 0.000700
15 5 0.000900
15 6 0.002300
15 7 0.003000
15 8 0.004100
15 9 0.003800
15 10 0.003600
15 11 0.002800
15 12 0.002900
15 13 0.002800
15 14 0.001900
15 15 0.000900
15 16 0.000800
15 17 0.000300
15 18 0.000300
15 19 0.000200
15 20 0.000200
16 3 0.000200
16 4 0.000600
16 5 0.001100
16 6 0.001500
16 7 0.002200
16 8 0.002700
16 9 0.002200
16 10 0.002000
16 11 0.002400
16 12 0.001800
16 13 0.001700
16 14 0.000700
16 15 0.000500
16 16 0.000600
16 17 0.000300
16 18 0.000100
16 19 0.000100
17 3 0.000200
17 4 0.000100
17 5 0.000800
17 6 0.001200
17 7 0.001200
17 8 0.001700
17 9 0.000800
17 10 0.001800
17 11 0.001100
17 12 0.000900
17 13 0.001000
17 14 0.000700
17 15 0.000600
17 16 0.000100
17 17 0.000100
17 18 0.000100
17 19 0.000200
18 5 0.000500
18 6 0.000100
18 7 0.001100
18 8 0.001300
18 9 0.000800
18 10 0.000800
18 11 0.000800
18 12 0.000700
18 13 0.000900
18 14 0.000600
18 15 0.000100
18 16 0.000200
19 4 0.000100
19 5 0.000200
19 6 0.000200
19 7 0.000200
19 8 0.000500
19 9 0.000400
19 10 0.000600
19 11 0.000500
19 12 0.000400
19 13 0.000100
19 14 0.000300
19 15 0.000200
19 16 0.000200
20 3 0.000100
20 5 0.000200
20 6 0.000100
20 7 0.000200
20 9 0.000200
20 10 0.000400
20 11 0.000500
20 12 0.000400
20 13 0.000100
20 15 0.000100
20 17 0.000100
20 18 0.000100
21 7 0.000100
21 8 0.000300
21 10 0.000300
21 12 0.000100
21 13 0.000100
21 14 0.000100
22 5 0.000100
23 13 0.000100
26 19 0.000100
