0.000000 0.000000      10
0.010000 0.010000      10
0.020000 0.020000      10
0.030000 0.030000      10
0.040000 0.040000      10
0.050000 0.050000      11
0.060000 0.060000      10
0.070000 0.070000      11
0.080000 0.080000      10
0.090000 0.090000      10
0.100000 0.100000      11
0.110000 0.110000      12
0.120000 0.120000      11
0.130000 0.130000      11
0.140000 0.140000      14
0.150000 0.150000      11
0.160000 0.160000      12
0.170000 0.170000      14
0.180000 0.180000      12
0.190000 0.190000      10
0.200000 0.200000      13
0.210000 0.210000      13
0.220000 0.220000      12
0.230000 0.230000      12
0.240000 0.240000      11
0.250000 0.250000      11
0.260000 0.260000      11
0.270000 0.270000      15
0.280000 0.280000      11
0.290000 0.290000      11
0.300000 0.300000      15
0.310000 0.310000      13
0.320000 0.320000      15
0.330000 0.330000      10
0.340000 0.340000      15
0.350000 0.350000      22
0.360000 0.360000      13
0.370000 0.370000      10
0.380000 0.380000      11
0.390000 0.390000      12
0.400000 0.400000      15
0.410000 0.410000      11
0.420000 0.420000      14
0.430000 0.430000      17
0.440000 0.440000      12
0.450000 0.450000      21
0.460000 0.460000      10
0.470000 0.470000      17
0.480000 0.480000      17
0.490000 0.490000      13
0.500000 0.500000      13
0.510000 0.510000      18
0.520000 0.520000      20
0.530000 0.530000      21
0.540000 0.540000      15
0.550000 0.550000      14
0.560000 0.560000      17
0.570000 0.570000      14
0.580000 0.580000      16
0.590000 0.590000      30
0.600000 0.600000      21
0.610000 0.610000      24
0.620000 0.620000      19
0.630000 0.630000      16
0.640000 0.640000      33
0.650000 0.650000      15
0.660000 0.660000      19
0.670000 0.670000      26
0.680000 0.680000      23
0.690000 0.690000      24
0.700000 0.700000      17
0.710000 0.710000      17
0.720000 0.720000      20
0.730000 0.730000      12
0.740000 0.740000      19
0.750000 0.750000      23
0.760000 0.760000      48
0.770000 0.770000      21
0.780000 0.780000      20
0.790000 0.790000      13
0.800000 0.800000      31
0.810000 0.810000      19
0.820000 0.820000      24
0.830000 0.830000      36
0.840000 0.840000      33
0.850000 0.850000      40
0.860000 0.860000      34
0.870000 0.870000      33
0.880000 0.880000      26
0.890000 0.890000      35
0.900000 0.900000      58
0.910000 0.910000      21
0.920000 0.920000      22
0.930000 0.930000      26
0.940000 0.940000      39
0.950000 0.950000      43
0.960000 0.960000      42
0.970000 0.970000      17
0.980000 0.980000      17
0.990000 0.990000      37
1.000000 1.000000      26
0.000000 0.000000      10
0.010000 0.010000      10
0.020000 0.020000      10
0.030000 0.030000      10
0.040000 0.040000      10
0.050000 0.050000      10
0.060000 0.060000      10
0.070000 0.070000      11
0.080000 0.080000      11
0.090000 0.090000      11
0.100000 0.100000      11
0.110000 0.110000      10
0.120000 0.120000      10
0.130000 0.130000      10
0.140000 0.140000      10
0.150000 0.150000      12
0.160000 0.160000      10
0.170000 0.170000      11
0.180000 0.180000      12
0.190000 0.190000      10
0.200000 0.200000      16
0.210000 0.210000      14
0.220000 0.220000      12
0.230000 0.230000      13
0.240000 0.240000      14
0.250000 0.250000      13
0.260000 0.260000      12
0.270000 0.270000      13
0.280000 0.280000      11
0.290000 0.290000      15
0.300000 0.300000      14
0.310000 0.310000      15
0.320000 0.320000      11
0.330000 0.330000      12
0.340000 0.340000      15
0.350000 0.350000      19
0.360000 0.360000      10
0.370000 0.370000      11
0.380000 0.380000      13
0.390000 0.390000      18
0.400000 0.400000      17
0.410000 0.410000      15
0.420000 0.420000      17
0.430000 0.430000      18
0.440000 0.440000      15
0.450000 0.450000      14
0.460000 0.460000      21
0.470000 0.470000      18
0.480000 0.480000      16
0.490000 0.490000      15
0.500000 0.500000      18
0.510000 0.510000      16
0.520000 0.520000      16
0.530000 0.530000      19
0.540000 0.540000      14
0.550000 0.550000      18
0.560000 0.560000      16
0.570000 0.570000      15
0.580000 0.580000      19
0.590000 0.590000      16
0.600000 0.600000      15
0.610000 0.610000      24
0.620000 0.620000      22
0.630000 0.630000      12
0.640000 0.640000      18
0.650000 0.650000      14
0.660000 0.660000      17
0.670000 0.670000      19
0.680000 0.680000      18
0.690000 0.690000      15
0.700000 0.700000      14
0.710000 0.710000      19
0.720000 0.720000      30
0.730000 0.730000      24
0.740000 0.740000      17
0.750000 0.750000      31
0.760000 0.760000      22
0.770000 0.770000      33
0.780000 0.780000      29
0.790000 0.790000      27
0.800000 0.800000      30
0.810000 0.810000      18
0.820000 0.820000      16
0.830000 0.830000      16
0.840000 0.840000      13
0.850000 0.850000      35
0.860000 0.860000      26
0.870000 0.870000      31
0.880000 0.880000      17
0.890000 0.890000      18
0.900000 0.900000      25
0.910000 0.910000      41
0.920000 0.920000      30
0.930000 0.930000      21
0.940000 0.940000      47
0.950000 0.950000     109
0.960000 0.960000      24
0.970000 0.970000      22
0.980000 0.980000      22
0.990000 0.990000      43
1.000000 1.000000      18
0.000000 0.000000      10
0.010000 0.010000      10
0.020000 0.020000      10
0.030000 0.030000      12
0.040000 0.040000      10
0.050000 0.050000      10
0.060000 0.060000      11
0.070000 0.070000      10
0.080000 0.080000      10
0.090000 0.090000      11
0.100000 0.100000      11
0.110000 0.110000      12
0.120000 0.120000      11
0.130000 0.130000      10
0.140000 0.140000      10
0.150000 0.150000      11
0.160000 0.160000      12
0.170000 0.170000      11
0.180000 0.180000      10
0.190000 0.190000      10
0.200000 0.200000      11
0.210000 0.210000      11
0.220000 0.220000      12
0.230000 0.230000      12
0.240000 0.240000      10
0.250000 0.250000      11
0.260000 0.260000      15
0.270000 0.270000      11
0.280000 0.280000      14
0.290000 0.290000      11
0.300000 0.300000      18
0.310000 0.310000      11
0.320000 0.320000      13
0.330000 0.330000      11
0.340000 0.340000      13
0.350000 0.350000      13
0.360000 0.360000      11
0.370000 0.370000      12
0.380000 0.380000      13
0.390000 0.390000      17
0.400000 0.400000      15
0.410000 0.410000      14
0.420000 0.420000      15
0.430000 0.430000      12
0.440000 0.440000      12
0.450000 0.450000      13
0.460000 0.460000      16
0.470000 0.470000      13
0.480000 0.480000      12
0.490000 0.490000      12
0.500000 0.500000      14
0.510000 0.510000      14
0.520000 0.520000      11
0.530000 0.530000      15
0.540000 0.540000      13
0.550000 0.550000      19
0.560000 0.560000      23
0.570000 0.570000      18
0.580000 0.580000      15
0.590000 0.590000      18
0.600000 0.600000      23
0.610000 0.610000      14
0.620000 0.620000      14
0.630000 0.630000      22
0.640000 0.640000      12
0.650000 0.650000      15
0.660000 0.660000      13
0.670000 0.670000      12
0.680000 0.680000      20
0.690000 0.690000      13
0.700000 0.700000      18
0.710000 0.710000      13
0.720000 0.720000      20
0.730000 0.730000      25
0.740000 0.740000      21
0.750000 0.750000      17
0.760000 0.760000      12
0.770000 0.770000      35
0.780000 0.780000      25
0.790000 0.790000      15
0.800000 0.800000      29
0.810000 0.810000      26
0.820000 0.820000      21
0.830000 0.830000      25
0.840000 0.840000      25
0.850000 0.850000      43
0.860000 0.860000      27
0.870000 0.870000      21
0.880000 0.880000      30
0.890000 0.890000      20
0.900000 0.900000      30
0.910000 0.910000      19
0.920000 0.920000      24
0.930000 0.930000      27
0.940000 0.940000      17
0.950000 0.950000      32
0.960000 0.960000      22
0.970000 0.970000      18
0.980000 0.980000      36
0.990000 0.990000      21
1.000000 1.000000      32
0.000000 0.000000      10
0.010000 0.010000      10
0.020000 0.020000      10
0.030000 0.030000      10
0.040000 0.040000      10
0.050000 0.050000      10
0.060000 0.060000      10
0.070000 0.070000      11
0.080000 0.080000      10
0.090000 0.090000      10
0.100000 0.100000      10
0.110000 0.110000      10
0.120000 0.120000      10
0.130000 0.130000      14
0.140000 0.140000      11
0.150000 0.150000      10
0.160000 0.160000      13
0.170000 0.170000      11
0.180000 0.180000      11
0.190000 0.190000      12
0.200000 0.200000      11
0.210000 0.210000      11
0.220000 0.220000      10
0.230000 0.230000      11
0.240000 0.240000      12
0.250000 0.250000      14
0.260000 0.260000      16
0.270000 0.270000      13
0.280000 0.280000      12
0.290000 0.290000      10
0.300000 0.300000      12
0.310000 0.310000      12
0.320000 0.320000      10
0.330000 0.330000      12
0.340000 0.340000      13
0.350000 0.350000      15
0.360000 0.360000      11
0.370000 0.370000      13
0.380000 0.380000      11
0.390000 0.390000      21
0.400000 0.400000      11
0.410000 0.410000      14
0.420000 0.420000      15
0.430000 0.430000      18
0.440000 0.440000      15
0.450000 0.450000      17
0.460000 0.460000      13
0.470000 0.470000      24
0.480000 0.480000      15
0.490000 0.490000      11
0.500000 0.500000      16
0.510000 0.510000      13
0.520000 0.520000      24
0.530000 0.530000      18
0.540000 0.540000      17
0.550000 0.550000      14
0.560000 0.560000      16
0.570000 0.570000      14
0.580000 0.580000      14
0.590000 0.590000      13
0.600000 0.600000      17
0.610000 0.610000      21
0.620000 0.620000      15
0.630000 0.630000      23
0.640000 0.640000      29
0.650000 0.650000      13
0.660000 0.660000      16
0.670000 0.670000      22
0.680000 0.680000      19
0.690000 0.690000      12
0.700000 0.700000      13
0.710000 0.710000      18
0.720000 0.720000      13
0.730000 0.730000      37
0.740000 0.740000      16
0.750000 0.750000      18
0.760000 0.760000      39
0.770000 0.770000      13
0.780000 0.780000      23
0.790000 0.790000      16
0.800000 0.800000      21
0.810000 0.810000      15
0.820000 0.820000      21
0.830000 0.830000      16
0.840000 0.840000      18
0.850000 0.850000      28
0.860000 0.860000      23
0.870000 0.870000      30
0.880000 0.880000      19
0.890000 0.890000      30
0.900000 0.900000      24
0.910000 0.910000      20
0.920000 0.920000      37
0.930000 0.930000      30
0.940000 0.940000      12
0.950000 0.950000      43
0.960000 0.960000      30
0.970000 0.970000      25
0.980000 0.980000      27
0.990000 0.990000      22
1.000000 1.000000      18
0.000000 0.000000      10
0.010000 0.010000      10
0.020000 0.020000      10
0.030000 0.030000      11
0.040000 0.040000      11
0.050000 0.050000      10
0.060000 0.060000      10
0.070000 0.070000      10
0.080000 0.080000      11
0.090000 0.090000      10
0.100000 0.100000      11
0.110000 0.110000      10
0.120000 0.120000      12
0.130000 0.130000      11
0.140000 0.140000      10
0.150000 0.150000      11
0.160000 0.160000      10
0.170000 0.170000      12
0.180000 0.180000      11
0.190000 0.190000      12
0.200000 0.200000      12
0.210000 0.210000      15
0.220000 0.220000      10
0.230000 0.230000      10
0.240000 0.240000      14
0.250000 0.250000      11
0.260000 0.260000      13
0.270000 0.270000      10
0.280000 0.280000      13
0.290000 0.290000      11
0.300000 0.300000      13
0.310000 0.310000      15
0.320000 0.320000      14
0.330000 0.330000      12
0.340000 0.340000      11
0.350000 0.350000      13
0.360000 0.360000      12
0.370000 0.370000      12
0.380000 0.380000      12
0.390000 0.390000      11
0.400000 0.400000      11
0.410000 0.410000      15
0.420000 0.420000      19
0.430000 0.430000      13
0.440000 0.440000      19
0.450000 0.450000      15
0.460000 0.460000      14
0.470000 0.470000      16
0.480000 0.480000      17
0.490000 0.490000      15
0.500000 0.500000      18
0.510000 0.510000      12
0.520000 0.520000      15
0.530000 0.530000      13
0.540000 0.540000      15
0.550000 0.550000      18
0.560000 0.560000      13
0.570000 0.570000      15
0.580000 0.580000      17
0.590000 0.590000      15
0.600000 0.600000      13
0.610000 0.610000      15
0.620000 0.620000      23
0.630000 0.630000      16
0.640000 0.640000      15
0.650000 0.650000      29
0.660000 0.660000      15
0.670000 0.670000      20
0.680000 0.680000      19
0.690000 0.690000      14
0.700000 0.700000      17
0.710000 0.710000      16
0.720000 0.720000      14
0.730000 0.730000      13
0.740000 0.740000      24
0.750000 0.750000      14
0.760000 0.760000      16
0.770000 0.770000      22
0.780000 0.780000      12
0.790000 0.790000      18
0.800000 0.800000      19
0.810000 0.810000      23
0.820000 0.820000      17
0.830000 0.830000      28
0.840000 0.840000      38
0.850000 0.850000      25
0.860000 0.860000      11
0.870000 0.870000      21
0.880000 0.880000      34
0.890000 0.890000      14
0.900000 0.900000      23
0.910000 0.910000      33
0.920000 0.920000      20
0.930000 0.930000      26
0.940000 0.940000      44
0.950000 0.950000      26
0.960000 0.960000      27
0.970000 0.970000      22
0.980000 0.980000      26
0.990000 0.990000      23
1.000000 1.000000      24
0.000000 0.000000      10
0.010000 0.010000      11
0.020000 0.020000      10
0.030000 0.030000      10
0.040000 0.040000      10
0.050000 0.050000      10
0.060000 0.060000      10
0.070000 0.070000      11
0.080000 0.080000      10
0.090000 0.090000      11
0.100000 0.100000      10
0.110000 0.110000      12
0.120000 0.120000      13
0.130000 0.130000      13
0.140000 0.140000      10
0.150000 0.150000      12
0.160000 0.160000      11
0.170000 0.170000      12
0.180000 0.180000      12
0.190000 0.190000      12
0.200000 0.200000      11
0.210000 0.210000      13
0.220000 0.220000      17
0.230000 0.230000      14
0.240000 0.240000      13
0.250000 0.250000      11
0.260000 0.260000      10
0.270000 0.270000      13
0.280000 0.280000      14
0.290000 0.290000      11
0.300000 0.300000      12
0.310000 0.310000      11
0.320000 0.320000      15
0.330000 0.330000      12
0.340000 0.340000      20
0.350000 0.350000      11
0.360000 0.360000      12
0.370000 0.370000      13
0.380000 0.380000      13
0.390000 0.390000      14
0.400000 0.400000      13
0.410000 0.410000      16
0.420000 0.420000      14
0.430000 0.430000      14
0.440000 0.440000      14
0.450000 0.450000      13
0.460000 0.460000      14
0.470000 0.470000      15
0.480000 0.480000      16
0.490000 0.490000      15
0.500000 0.500000      13
0.510000 0.510000      19
0.520000 0.520000      15
0.530000 0.530000      15
0.540000 0.540000      12
0.550000 0.550000      13
0.560000 0.560000      15
0.570000 0.570000      18
0.580000 0.580000      20
0.590000 0.590000      14
0.600000 0.600000      14
0.610000 0.610000      13
0.620000 0.620000      13
0.630000 0.630000      17
0.640000 0.640000      14
0.650000 0.650000      17
0.660000 0.660000      16
0.670000 0.670000      13
0.680000 0.680000      15
0.690000 0.690000      13
0.700000 0.700000      14
0.710000 0.710000      29
0.720000 0.720000      16
0.730000 0.730000      26
0.740000 0.740000      13
0.750000 0.750000      19
0.760000 0.760000      17
0.770000 0.770000      16
0.780000 0.780000      26
0.790000 0.790000      30
0.800000 0.800000      12
0.810000 0.810000      34
0.820000 0.820000      16
0.830000 0.830000      15
0.840000 0.840000      28
0.850000 0.850000      16
0.860000 0.860000      21
0.870000 0.870000      28
0.880000 0.880000      17
0.890000 0.890000      33
0.900000 0.900000      28
0.910000 0.910000      22
0.920000 0.920000      19
0.930000 0.930000      55
0.940000 0.940000      20
0.950000 0.950000      31
0.960000 0.960000      48
0.970000 0.970000      22
0.980000 0.980000      41
0.990000 0.990000     107
1.000000 1.000000      18
0.000000 0.000000      10
0.010000 0.010000      10
0.020000 0.020000      10
0.030000 0.030000      11
0.040000 0.040000      10
0.050000 0.050000      12
0.060000 0.060000      10
0.070000 0.070000      10
0.080000 0.080000      10
0.090000 0.090000      10
0.100000 0.100000      13
0.110000 0.110000      11
0.120000 0.120000      11
0.130000 0.130000      11
0.140000 0.140000      12
0.150000 0.150000      11
0.160000 0.160000      10
0.170000 0.170000      10
0.180000 0.180000      12
0.190000 0.190000      10
0.200000 0.200000      10
0.210000 0.210000      11
0.220000 0.220000      13
0.230000 0.230000      12
0.240000 0.240000      11
0.250000 0.250000      11
0.260000 0.260000      14
0.270000 0.270000      13
0.280000 0.280000      12
0.290000 0.290000      13
0.300000 0.300000      15
0.310000 0.310000      18
0.320000 0.320000      10
0.330000 0.330000      10
0.340000 0.340000      15
0.350000 0.350000      17
0.360000 0.360000      11
0.370000 0.370000      11
0.380000 0.380000      11
0.390000 0.390000      12
0.400000 0.400000      15
0.410000 0.410000      11
0.420000 0.420000      17
0.430000 0.430000      14
0.440000 0.440000      17
0.450000 0.450000      26
0.460000 0.460000      14
0.470000 0.470000      14
0.480000 0.480000      12
0.490000 0.490000      12
0.500000 0.500000      15
0.510000 0.510000      11
0.520000 0.520000      16
0.530000 0.530000      11
0.540000 0.540000      18
0.550000 0.550000      13
0.560000 0.560000      18
0.570000 0.570000      17
0.580000 0.580000      14
0.590000 0.590000      11
0.600000 0.600000      19
0.610000 0.610000      15
0.620000 0.620000      11
0.630000 0.630000      18
0.640000 0.640000      12
0.650000 0.650000      14
0.660000 0.660000      28
0.670000 0.670000      16
0.680000 0.680000      20
0.690000 0.690000      16
0.700000 0.700000      19
0.710000 0.710000      19
0.720000 0.720000      16
0.730000 0.730000      12
0.740000 0.740000      18
0.750000 0.750000      25
0.760000 0.760000      25
0.770000 0.770000      19
0.780000 0.780000      20
0.790000 0.790000      16
0.800000 0.800000      37
0.810000 0.810000      21
0.820000 0.820000      23
0.830000 0.830000      29
0.840000 0.840000      21
0.850000 0.850000      16
0.860000 0.860000      18
0.870000 0.870000      25
0.880000 0.880000      35
0.890000 0.890000      36
0.900000 0.900000      14
0.910000 0.910000      19
0.920000 0.920000      29
0.930000 0.930000      32
0.940000 0.940000      14
0.950000 0.950000      11
0.960000 0.960000      32
0.970000 0.970000      55
0.980000 0.980000      17
0.990000 0.990000      16
1.000000 1.000000      24
0.000000 0.000000      10
0.010000 0.010000      11
0.020000 0.020000      10
0.030000 0.030000      10
0.040000 0.040000      10
0.050000 0.050000      10
0.060000 0.060000      11
0.070000 0.070000      10
0.080000 0.080000      10
0.090000 0.090000      13
0.100000 0.100000      10
0.110000 0.110000      10
0.120000 0.120000      10
0.130000 0.130000      11
0.140000 0.140000      11
0.150000 0.150000      11
0.160000 0.160000      12
0.170000 0.170000      12
0.180000 0.180000      12
0.190000 0.190000      12
0.200000 0.200000      11
0.210000 0.210000      13
0.220000 0.220000      11
0.230000 0.230000      14
0.240000 0.240000      10
0.250000 0.250000      12
0.260000 0.260000      16
0.270000 0.270000      11
0.280000 0.280000      12
0.290000 0.290000      12
0.300000 0.300000      10
0.310000 0.310000      10
0.320000 0.320000      11
0.330000 0.330000      14
0.340000 0.340000      14
0.350000 0.350000      16
0.360000 0.360000      17
0.370000 0.370000      14
0.380000 0.380000      11
0.390000 0.390000      21
0.400000 0.400000      13
0.410000 0.410000      13
0.420000 0.420000      15
0.430000 0.430000      15
0.440000 0.440000      12
0.450000 0.450000      14
0.460000 0.460000      15
0.470000 0.470000      19
0.480000 0.480000      12
0.490000 0.490000      15
0.500000 0.500000      12
0.510000 0.510000      16
0.520000 0.520000      12
0.530000 0.530000      19
0.540000 0.540000      16
0.550000 0.550000      14
0.560000 0.560000      13
0.570000 0.570000      17
0.580000 0.580000      16
0.590000 0.590000      18
0.600000 0.600000      18
0.610000 0.610000      18
0.620000 0.620000      20
0.630000 0.630000      17
0.640000 0.640000      13
0.650000 0.650000      21
0.660000 0.660000      15
0.670000 0.670000      10
0.680000 0.680000      17
0.690000 0.690000      13
0.700000 0.700000      17
0.710000 0.710000      14
0.720000 0.720000      23
0.730000 0.730000      11
0.740000 0.740000      17
0.750000 0.750000      17
0.760000 0.760000      19
0.770000 0.770000      17
0.780000 0.780000      33
0.790000 0.790000      23
0.800000 0.800000      26
0.810000 0.810000      13
0.820000 0.820000      18
0.830000 0.830000      20
0.840000 0.840000      14
0.850000 0.850000      20
0.860000 0.860000      28
0.870000 0.870000      17
0.880000 0.880000      44
0.890000 0.890000      41
0.900000 0.900000      29
0.910000 0.910000      16
0.920000 0.920000      21
0.930000 0.930000      15
0.940000 0.940000      17
0.950000 0.950000      22
0.960000 0.960000      17
0.970000 0.970000      50
0.980000 0.980000      23
0.990000 0.990000      38
1.000000 1.000000      19
0.000000 0.000000      10
0.010000 0.010000      10
0.020000 0.020000      10
0.030000 0.030000      10
0.040000 0.040000      11
0.050000 0.050000      10
0.060000 0.060000      11
0.070000 0.070000      11
0.080000 0.080000      10
0.090000 0.090000      11
0.100000 0.100000      10
0.110000 0.110000      10
0.120000 0.120000      11
0.130000 0.130000      12
0.140000 0.140000      11
0.150000 0.150000      11
0.160000 0.160000      10
0.170000 0.170000      12
0.180000 0.180000      11
0.190000 0.190000      13
0.200000 0.200000      10
0.210000 0.210000      10
0.220000 0.220000      16
0.230000 0.230000      14
0.240000 0.240000      12
0.250000 0.250000      11
0.260000 0.260000      11
0.270000 0.270000      11
0.280000 0.280000      10
0.290000 0.290000      13
0.300000 0.300000      14
0.310000 0.310000      11
0.320000 0.320000      18
0.330000 0.330000      12
0.340000 0.340000      11
0.350000 0.350000      11
0.360000 0.360000      11
0.370000 0.370000      13
0.380000 0.380000      15
0.390000 0.390000      10
0.400000 0.400000      14
0.410000 0.410000      15
0.420000 0.420000      11
0.430000 0.430000      15
0.440000 0.440000      13
0.450000 0.450000      13
0.460000 0.460000      13
0.470000 0.470000      15
0.480000 0.480000      16
0.490000 0.490000      11
0.500000 0.500000      15
0.510000 0.510000      18
0.520000 0.520000      16
0.530000 0.530000      10
0.540000 0.540000      13
0.550000 0.550000      15
0.560000 0.560000      15
0.570000 0.570000      14
0.580000 0.580000      22
0.590000 0.590000      17
0.600000 0.600000      12
0.610000 0.610000      22
0.620000 0.620000      21
0.630000 0.630000      21
0.640000 0.640000      13
0.650000 0.650000      15
0.660000 0.660000      17
0.670000 0.670000      14
0.680000 0.680000      12
0.690000 0.690000      20
0.700000 0.700000      16
0.710000 0.710000      19
0.720000 0.720000      20
0.730000 0.730000      25
0.740000 0.740000      22
0.750000 0.750000      19
0.760000 0.760000      21
0.770000 0.770000      31
0.780000 0.780000      12
0.790000 0.790000      17
0.800000 0.800000      18
0.810000 0.810000      14
0.820000 0.820000      14
0.830000 0.830000      31
0.840000 0.840000      13
0.850000 0.850000      34
0.860000 0.860000      18
0.870000 0.870000      40
0.880000 0.880000      28
0.890000 0.890000      15
0.900000 0.900000      32
0.910000 0.910000      24
0.920000 0.920000      23
0.930000 0.930000      14
0.940000 0.940000      53
0.950000 0.950000      30
0.960000 0.960000      17
0.970000 0.970000      27
0.980000 0.980000      37
0.990000 0.990000      30
1.000000 1.000000      27
0.000000 0.000000      10
0.010000 0.010000      10
0.020000 0.020000      10
0.030000 0.030000      10
0.040000 0.040000      11
0.050000 0.050000      10
0.060000 0.060000      10
0.070000 0.070000      12
0.080000 0.080000      11
0.090000 0.090000      11
0.100000 0.100000      10
0.110000 0.110000      10
0.120000 0.120000      12
0.130000 0.130000      11
0.140000 0.140000      10
0.150000 0.150000      11
0.160000 0.160000      10
0.170000 0.170000      10
0.180000 0.180000      11
0.190000 0.190000      11
0.200000 0.200000      13
0.210000 0.210000      11
0.220000 0.220000      14
0.230000 0.230000      14
0.240000 0.240000      11
0.250000 0.250000      15
0.260000 0.260000      12
0.270000 0.270000      10
0.280000 0.280000      10
0.290000 0.290000      15
0.300000 0.300000      13
0.310000 0.310000      10
0.320000 0.320000      16
0.330000 0.330000      13
0.340000 0.340000      16
0.350000 0.350000      11
0.360000 0.360000      12
0.370000 0.370000      11
0.380000 0.380000      18
0.390000 0.390000      13
0.400000 0.400000      19
0.410000 0.410000      12
0.420000 0.420000      17
0.430000 0.430000      21
0.440000 0.440000      14
0.450000 0.450000      13
0.460000 0.460000      14
0.470000 0.470000      22
0.480000 0.480000      14
0.490000 0.490000      15
0.500000 0.500000      18
0.510000 0.510000      14
0.520000 0.520000      22
0.530000 0.530000      15
0.540000 0.540000      14
0.550000 0.550000      16
0.560000 0.560000      20
0.570000 0.570000      19
0.580000 0.580000      14
0.590000 0.590000      13
0.600000 0.600000      23
0.610000 0.610000      13
0.620000 0.620000      14
0.630000 0.630000      14
0.640000 0.640000      19
0.650000 0.650000      19
0.660000 0.660000      13
0.670000 0.670000      21
0.680000 0.680000      17
0.690000 0.690000      19
0.700000 0.700000      11
0.710000 0.710000      17
0.720000 0.720000      23
0.730000 0.730000      23
0.740000 0.740000      19
0.750000 0.750000      21
0.760000 0.760000      20
0.770000 0.770000      19
0.780000 0.780000      22
0.790000 0.790000      13
0.800000 0.800000      19
0.810000 0.810000      21
0.820000 0.820000      17
0.830000 0.830000      16
0.840000 0.840000      30
0.850000 0.850000      16
0.860000 0.860000      23
0.870000 0.870000      18
0.880000 0.880000      40
0.890000 0.890000      21
0.900000 0.900000      18
0.910000 0.910000      15
0.920000 0.920000      20
0.930000 0.930000      31
0.940000 0.940000      25
0.950000 0.950000      21
0.960000 0.960000      34
0.970000 0.970000      31
0.980000 0.980000      50
0.990000 0.990000      31
1.000000 1.000000      54
0.000000 0.000000      10
0.010000 0.010000      10
0.020000 0.020000      10
0.030000 0.030000      10
0.040000 0.040000      10
0.050000 0.050000      10
0.060000 0.060000      11
0.070000 0.070000      10
0.080000 0.080000      10
0.090000 0.090000      10
0.100000 0.100000      12
0.110000 0.110000      10
0.120000 0.120000      11
0.130000 0.130000      12
0.140000 0.140000      10
0.150000 0.150000      11
0.160000 0.160000      12
0.170000 0.170000      11
0.180000 0.180000      13
0.190000 0.190000      10
0.200000 0.200000      10
0.210000 0.210000      14
0.220000 0.220000      13
0.230000 0.230000      13
0.240000 0.240000      10
0.250000 0.250000      11
0.260000 0.260000      13
0.270000 0.270000      11
0.280000 0.280000      10
0.290000 0.290000      10
0.300000 0.300000      18
0.310000 0.310000      13
0.320000 0.320000      14
0.330000 0.330000      13
0.340000 0.340000      16
0.350000 0.350000      11
0.360000 0.360000      12
0.370000 0.370000      13
0.380000 0.380000      15
0.390000 0.390000      14
0.400000 0.400000      13
0.410000 0.410000      10
0.420000 0.420000      13
0.430000 0.430000      14
0.440000 0.440000      18
0.450000 0.450000      16
0.460000 0.460000      18
0.470000 0.470000      16
0.480000 0.480000      15
0.490000 0.490000      15
0.500000 0.500000      12
0.510000 0.510000      14
0.520000 0.520000      14
0.530000 0.530000      12
0.540000 0.540000      10
0.550000 0.550000      13
0.560000 0.560000      11
0.570000 0.570000      13
0.580000 0.580000      13
0.590000 0.590000      16
0.600000 0.600000      13
0.610000 0.610000      18
0.620000 0.620000      14
0.630000 0.630000      21
0.640000 0.640000      12
0.650000 0.650000      19
0.660000 0.660000      22
0.670000 0.670000      23
0.680000 0.680000      24
0.690000 0.690000      19
0.700000 0.700000      11
0.710000 0.710000      18
0.720000 0.720000      14
0.730000 0.730000      15
0.740000 0.740000      14
0.750000 0.750000      20
0.760000 0.760000      22
0.770000 0.770000      23
0.780000 0.780000      18
0.790000 0.790000      20
0.800000 0.800000      13
0.810000 0.810000      15
0.820000 0.820000      23
0.830000 0.830000      17
0.840000 0.840000      14
0.850000 0.850000      25
0.860000 0.860000      59
0.870000 0.870000      33
0.880000 0.880000      40
0.890000 0.890000      22
0.900000 0.900000      42
0.910000 0.910000      31
0.920000 0.920000      52
0.930000 0.930000      24
0.940000 0.940000      71
0.950000 0.950000      21
0.960000 0.960000      40
0.970000 0.970000      22
0.980000 0.980000      22
0.990000 0.990000      16
1.000000 1.000000      31
0.000000 0.000000      10
0.010000 0.010000      10
0.020000 0.020000      10
0.030000 0.030000      10
0.040000 0.040000      10
0.050000 0.050000      12
0.060000 0.060000      11
0.070000 0.070000      10
0.080000 0.080000      10
0.090000 0.090000      10
0.100000 0.100000      10
0.110000 0.110000      11
0.120000 0.120000      12
0.130000 0.130000      12
0.140000 0.140000      10
0.150000 0.150000      10
0.160000 0.160000      10
0.170000 0.170000      11
0.180000 0.180000      12
0.190000 0.190000      11
0.200000 0.200000      11
0.210000 0.210000      11
0.220000 0.220000      13
0.230000 0.230000      12
0.240000 0.240000      12
0.250000 0.250000      10
0.260000 0.260000      15
0.270000 0.270000      15
0.280000 0.280000      10
0.290000 0.290000      10
0.300000 0.300000      12
0.310000 0.310000      11
0.320000 0.320000      13
0.330000 0.330000      13
0.340000 0.340000      11
0.350000 0.350000      12
0.360000 0.360000      13
0.370000 0.370000      15
0.380000 0.380000      13
0.390000 0.390000      11
0.400000 0.400000      18
0.410000 0.410000      12
0.420000 0.420000      14
0.430000 0.430000      11
0.440000 0.440000      16
0.450000 0.450000      12
0.460000 0.460000      18
0.470000 0.470000      14
0.480000 0.480000      17
0.490000 0.490000      11
0.500000 0.500000      13
0.510000 0.510000      15
0.520000 0.520000      10
0.530000 0.530000      17
0.540000 0.540000      17
0.550000 0.550000      11
0.560000 0.560000      18
0.570000 0.570000      24
0.580000 0.580000      13
0.590000 0.590000      16
0.600000 0.600000      15
0.610000 0.610000      18
0.620000 0.620000      13
0.630000 0.630000      20
0.640000 0.640000      20
0.650000 0.650000      36
0.660000 0.660000      13
0.670000 0.670000      18
0.680000 0.680000      22
0.690000 0.690000      19
0.700000 0.700000      33
0.710000 0.710000      20
0.720000 0.720000      17
0.730000 0.730000      20
0.740000 0.740000      17
0.750000 0.750000      19
0.760000 0.760000      24
0.770000 0.770000      23
0.780000 0.780000      18
0.790000 0.790000      19
0.800000 0.800000      22
0.810000 0.810000      20
0.820000 0.820000      22
0.830000 0.830000      19
0.840000 0.840000      21
0.850000 0.850000      16
0.860000 0.860000      15
0.870000 0.870000      22
0.880000 0.880000      24
0.890000 0.890000      19
0.900000 0.900000      20
0.910000 0.910000      18
0.920000 0.920000      25
0.930000 0.930000      15
0.940000 0.940000      11
0.950000 0.950000      31
0.960000 0.960000      39
0.970000 0.970000      36
0.980000 0.980000      68
0.990000 0.990000      38
1.000000 1.000000      25
0.000000 0.000000      10
0.010000 0.010000      10
0.020000 0.020000      10
0.030000 0.030000      10
0.040000 0.040000      10
0.050000 0.050000      10
0.060000 0.060000      12
0.070000 0.070000      10
0.080000 0.080000      10
0.090000 0.090000      10
0.100000 0.100000      10
0.110000 0.110000      12
0.120000 0.120000      10
0.130000 0.130000      12
0.140000 0.140000      12
0.150000 0.150000      13
0.160000 0.160000      10
0.170000 0.170000      10
0.180000 0.180000      11
0.190000 0.190000      12
0.200000 0.200000      12
0.210000 0.210000      16
0.220000 0.220000      13
0.230000 0.230000      14
0.240000 0.240000      10
0.250000 0.250000      11
0.260000 0.260000      10
0.270000 0.270000      16
0.280000 0.280000      17
0.290000 0.290000      13
0.300000 0.300000      14
0.310000 0.310000      13
0.320000 0.320000      10
0.330000 0.330000      15
0.340000 0.340000      11
0.350000 0.350000      14
0.360000 0.360000      12
0.370000 0.370000      11
0.380000 0.380000      13
0.390000 0.390000      12
0.400000 0.400000      13
0.410000 0.410000      10
0.420000 0.420000      15
0.430000 0.430000      12
0.440000 0.440000      15
0.450000 0.450000      11
0.460000 0.460000      15
0.470000 0.470000      14
0.480000 0.480000      20
0.490000 0.490000      13
0.500000 0.500000      14
0.510000 0.510000      16
0.520000 0.520000      23
0.530000 0.530000      16
0.540000 0.540000      19
0.550000 0.550000      17
0.560000 0.560000      12
0.570000 0.570000      15
0.580000 0.580000      10
0.590000 0.590000      22
0.600000 0.600000      12
0.610000 0.610000      16
0.620000 0.620000      34
0.630000 0.630000      15
0.640000 0.640000      15
0.650000 0.650000      17
0.660000 0.660000      14
0.670000 0.670000      14
0.680000 0.680000      18
0.690000 0.690000      22
0.700000 0.700000      17
0.710000 0.710000      27
0.720000 0.720000      21
0.730000 0.730000      16
0.740000 0.740000      12
0.750000 0.750000      21
0.760000 0.760000      25
0.770000 0.770000      27
0.780000 0.780000      27
0.790000 0.790000      22
0.800000 0.800000      12
0.810000 0.810000      49
0.820000 0.820000      30
0.830000 0.830000      14
0.840000 0.840000      40
0.850000 0.850000      21
0.860000 0.860000      16
0.870000 0.870000      24
0.880000 0.880000      15
0.890000 0.890000      25
0.900000 0.900000      36
0.910000 0.910000      15
0.920000 0.920000      15
0.930000 0.930000      18
0.940000 0.940000      23
0.950000 0.950000      44
0.960000 0.960000      37
0.970000 0.970000      19
0.980000 0.980000      45
0.990000 0.990000      16
1.000000 1.000000      37
0.000000 0.000000      10
0.010000 0.010000      10
0.020000 0.020000      10
0.030000 0.030000      10
0.040000 0.040000      10
0.050000 0.050000      11
0.060000 0.060000      10
0.070000 0.070000      11
0.080000 0.080000      15
0.090000 0.090000      10
0.100000 0.100000      10
0.110000 0.110000      12
0.120000 0.120000      10
0.130000 0.130000      10
0.140000 0.140000      10
0.150000 0.150000      11
0.160000 0.160000      13
0.170000 0.170000      13
0.180000 0.180000      10
0.190000 0.190000      12
0.200000 0.200000      13
0.210000 0.210000      10
0.220000 0.220000      16
0.230000 0.230000      10
0.240000 0.240000      10
0.250000 0.250000      11
0.260000 0.260000      10
0.270000 0.270000      12
0.280000 0.280000      15
0.290000 0.290000      10
0.300000 0.300000      16
0.310000 0.310000      12
0.320000 0.320000      11
0.330000 0.330000      10
0.340000 0.340000      10
0.350000 0.350000      14
0.360000 0.360000      18
0.370000 0.370000      12
0.380000 0.380000      12
0.390000 0.390000      11
0.400000 0.400000      12
0.410000 0.410000      11
0.420000 0.420000      11
0.430000 0.430000      17
0.440000 0.440000      16
0.450000 0.450000      11
0.460000 0.460000      11
0.470000 0.470000      16
0.480000 0.480000      19
0.490000 0.490000      13
0.500000 0.500000      12
0.510000 0.510000      12
0.520000 0.520000      11
0.530000 0.530000      11
0.540000 0.540000      17
0.550000 0.550000      13
0.560000 0.560000      15
0.570000 0.570000      19
0.580000 0.580000      14
0.590000 0.590000      21
0.600000 0.600000      18
0.610000 0.610000      15
0.620000 0.620000      14
0.630000 0.630000      14
0.640000 0.640000      10
0.650000 0.650000      17
0.660000 0.660000      17
0.670000 0.670000      16
0.680000 0.680000      17
0.690000 0.690000      18
0.700000 0.700000      23
0.710000 0.710000      14
0.720000 0.720000      27
0.730000 0.730000      14
0.740000 0.740000      14
0.750000 0.750000      18
0.760000 0.760000      22
0.770000 0.770000      29
0.780000 0.780000      14
0.790000 0.790000      21
0.800000 0.800000      28
0.810000 0.810000      31
0.820000 0.820000      20
0.830000 0.830000      25
0.840000 0.840000      13
0.850000 0.850000      21
0.860000 0.860000      36
0.870000 0.870000      32
0.880000 0.880000      18
0.890000 0.890000      33
0.900000 0.900000      19
0.910000 0.910000      19
0.920000 0.920000      25
0.930000 0.930000      19
0.940000 0.940000      29
0.950000 0.950000      27
0.960000 0.960000      28
0.970000 0.970000      18
0.980000 0.980000      27
0.990000 0.990000      25
1.000000 1.000000      22
0.000000 0.000000      10
0.010000 0.010000      10
0.020000 0.020000      10
0.030000 0.030000      11
0.040000 0.040000      11
0.050000 0.050000      11
0.060000 0.060000      10
0.070000 0.070000      11
0.080000 0.080000      10
0.090000 0.090000      11
0.100000 0.100000      10
0.110000 0.110000      10
0.120000 0.120000      11
0.130000 0.130000      10
0.140000 0.140000      11
0.150000 0.150000      10
0.160000 0.160000      10
0.170000 0.170000      11
0.180000 0.180000      11
0.190000 0.190000      10
0.200000 0.200000      10
0.210000 0.210000      11
0.220000 0.220000      10
0.230000 0.230000      12
0.240000 0.240000      12
0.250000 0.250000      10
0.260000 0.260000      12
0.270000 0.270000      13
0.280000 0.280000      15
0.290000 0.290000      10
0.300000 0.300000      11
0.310000 0.310000      12
0.320000 0.320000      15
0.330000 0.330000      15
0.340000 0.340000      15
0.350000 0.350000      12
0.360000 0.360000      14
0.370000 0.370000      12
0.380000 0.380000      16
0.390000 0.390000      14
0.400000 0.400000      15
0.410000 0.410000      14
0.420000 0.420000      16
0.430000 0.430000      18
0.440000 0.440000      13
0.450000 0.450000      15
0.460000 0.460000      13
0.470000 0.470000      12
0.480000 0.480000      16
0.490000 0.490000      20
0.500000 0.500000      20
0.510000 0.510000      15
0.520000 0.520000      18
0.530000 0.530000      11
0.540000 0.540000      21
0.550000 0.550000      18
0.560000 0.560000      13
0.570000 0.570000      20
0.580000 0.580000      21
0.590000 0.590000      21
0.600000 0.600000      14
0.610000 0.610000      10
0.620000 0.620000      20
0.630000 0.630000      21
0.640000 0.640000      23
0.650000 0.650000      15
0.660000 0.660000      22
0.670000 0.670000      22
0.680000 0.680000      16
0.690000 0.690000      18
0.700000 0.700000      18
0.710000 0.710000      20
0.720000 0.720000      23
0.730000 0.730000      26
0.740000 0.740000      15
0.750000 0.750000      13
0.760000 0.760000      16
0.770000 0.770000      22
0.780000 0.780000      20
0.790000 0.790000      16
0.800000 0.800000      50
0.810000 0.810000      20
0.820000 0.820000      15
0.830000 0.830000      27
0.840000 0.840000      35
0.850000 0.850000      15
0.860000 0.860000      34
0.870000 0.870000      15
0.880000 0.880000      24
0.890000 0.890000      24
0.900000 0.900000      27
0.910000 0.910000      16
0.920000 0.920000      19
0.930000 0.930000      41
0.940000 0.940000      21
0.950000 0.950000      21
0.960000 0.960000      41
0.970000 0.970000      13
0.980000 0.980000      56
0.990000 0.990000      41
1.000000 1.000000      20
0.000000 0.000000      10
0.010000 0.010000      10
0.020000 0.020000      10
0.030000 0.030000      11
0.040000 0.040000      10
0.050000 0.050000      10
0.060000 0.060000      10
0.070000 0.070000      10
0.080000 0.080000      10
0.090000 0.090000      10
0.100000 0.100000      11
0.110000 0.110000      11
0.120000 0.120000      10
0.130000 0.130000      12
0.140000 0.140000      11
0.150000 0.150000      11
0.160000 0.160000      10
0.170000 0.170000      11
0.180000 0.180000      11
0.190000 0.190000      12
0.200000 0.200000      10
0.210000 0.210000      10
0.220000 0.220000      11
0.230000 0.230000      11
0.240000 0.240000      13
0.250000 0.250000      13
0.260000 0.260000      10
0.270000 0.270000      11
0.280000 0.280000      13
0.290000 0.290000      13
0.300000 0.300000      15
0.310000 0.310000      13
0.320000 0.320000      14
0.330000 0.330000      14
0.340000 0.340000      10
0.350000 0.350000      20
0.360000 0.360000      11
0.370000 0.370000      14
0.380000 0.380000      13
0.390000 0.390000      12
0.400000 0.400000      12
0.410000 0.410000      16
0.420000 0.420000      11
0.430000 0.430000      15
0.440000 0.440000      11
0.450000 0.450000      16
0.460000 0.460000      11
0.470000 0.470000      15
0.480000 0.480000      24
0.490000 0.490000      18
0.500000 0.500000      17
0.510000 0.510000      15
0.520000 0.520000      19
0.530000 0.530000      22
0.540000 0.540000      16
0.550000 0.550000      27
0.560000 0.560000      14
0.570000 0.570000      18
0.580000 0.580000      12
0.590000 0.590000      16
0.600000 0.600000      15
0.610000 0.610000      18
0.620000 0.620000      17
0.630000 0.630000      11
0.640000 0.640000      15
0.650000 0.650000      24
0.660000 0.660000      15
0.670000 0.670000      17
0.680000 0.680000      19
0.690000 0.690000      15
0.700000 0.700000      21
0.710000 0.710000      15
0.720000 0.720000      18
0.730000 0.730000      19
0.740000 0.740000      46
0.750000 0.750000      18
0.760000 0.760000      28
0.770000 0.770000      16
0.780000 0.780000      15
0.790000 0.790000      19
0.800000 0.800000      17
0.810000 0.810000      42
0.820000 0.820000      18
0.830000 0.830000      16
0.840000 0.840000      15
0.850000 0.850000      25
0.860000 0.860000      22
0.870000 0.870000      22
0.880000 0.880000      32
0.890000 0.890000      28
0.900000 0.900000      20
0.910000 0.910000      23
0.920000 0.920000      29
0.930000 0.930000      27
0.940000 0.940000      24
0.950000 0.950000      16
0.960000 0.960000      31
0.970000 0.970000      23
0.980000 0.980000      20
0.990000 0.990000      47
1.000000 1.000000      15
0.000000 0.000000      10
0.010000 0.010000      10
0.020000 0.020000      10
0.030000 0.030000      10
0.040000 0.040000      10
0.050000 0.050000      11
0.060000 0.060000      10
0.070000 0.070000      10
0.080000 0.080000      10
0.090000 0.090000      12
0.100000 0.100000      11
0.110000 0.110000      10
0.120000 0.120000      11
0.130000 0.130000      11
0.140000 0.140000      13
0.150000 0.150000      11
0.160000 0.160000      11
0.170000 0.170000      12
0.180000 0.180000      15
0.190000 0.190000      12
0.200000 0.200000      17
0.210000 0.210000      14
0.220000 0.220000      13
0.230000 0.230000      11
0.240000 0.240000      12
0.250000 0.250000      13
0.260000 0.260000      15
0.270000 0.270000      14
0.280000 0.280000      16
0.290000 0.290000      12
0.300000 0.300000      13
0.310000 0.310000      14
0.320000 0.320000      12
0.330000 0.330000      12
0.340000 0.340000      14
0.350000 0.350000      10
0.360000 0.360000      11
0.370000 0.370000      16
0.380000 0.380000      12
0.390000 0.390000      13
0.400000 0.400000      16
0.410000 0.410000      13
0.420000 0.420000      25
0.430000 0.430000      14
0.440000 0.440000      17
0.450000 0.450000      16
0.460000 0.460000      13
0.470000 0.470000      18
0.480000 0.480000      15
0.490000 0.490000      13
0.500000 0.500000      12
0.510000 0.510000      13
0.520000 0.520000      15
0.530000 0.530000      18
0.540000 0.540000      16
0.550000 0.550000      17
0.560000 0.560000      21
0.570000 0.570000      14
0.580000 0.580000      15
0.590000 0.590000      11
0.600000 0.600000      20
0.610000 0.610000      34
0.620000 0.620000      13
0.630000 0.630000      18
0.640000 0.640000      31
0.650000 0.650000      16
0.660000 0.660000      15
0.670000 0.670000      23
0.680000 0.680000      13
0.690000 0.690000      18
0.700000 0.700000      16
0.710000 0.710000      14
0.720000 0.720000      19
0.730000 0.730000      29
0.740000 0.740000      15
0.750000 0.750000      23
0.760000 0.760000      18
0.770000 0.770000      17
0.780000 0.780000      18
0.790000 0.790000      37
0.800000 0.800000      32
0.810000 0.810000      33
0.820000 0.820000      15
0.830000 0.830000      25
0.840000 0.840000      24
0.850000 0.850000      16
0.860000 0.860000      16
0.870000 0.870000      36
0.880000 0.880000      16
0.890000 0.890000      31
0.900000 0.900000      15
0.910000 0.910000      29
0.920000 0.920000      28
0.930000 0.930000      42
0.940000 0.940000      14
0.950000 0.950000      11
0.960000 0.960000      15
0.970000 0.970000      29
0.980000 0.980000      38
0.990000 0.990000      18
1.000000 1.000000      25
0.000000 0.000000      10
0.010000 0.010000      10
0.020000 0.020000      10
0.030000 0.030000      10
0.040000 0.040000      11
0.050000 0.050000      10
0.060000 0.060000      10
0.070000 0.070000      10
0.080000 0.080000      12
0.090000 0.090000      11
0.100000 0.100000      10
0.110000 0.110000      10
0.120000 0.120000      11
0.130000 0.130000      15
0.140000 0.140000      10
0.150000 0.150000      12
0.160000 0.160000      12
0.170000 0.170000      16
0.180000 0.180000      13
0.190000 0.190000      11
0.200000 0.200000      13
0.210000 0.210000      10
0.220000 0.220000      10
0.230000 0.230000      13
0.240000 0.240000      13
0.250000 0.250000      10
0.260000 0.260000      10
0.270000 0.270000      12
0.280000 0.280000      15
0.290000 0.290000      11
0.300000 0.300000      11
0.310000 0.310000      10
0.320000 0.320000      14
0.330000 0.330000      13
0.340000 0.340000      12
0.350000 0.350000      16
0.360000 0.360000      15
0.370000 0.370000      13
0.380000 0.380000      13
0.390000 0.390000      12
0.400000 0.400000      12
0.410000 0.410000      10
0.420000 0.420000      16
0.430000 0.430000      13
0.440000 0.440000      17
0.450000 0.450000      13
0.460000 0.460000      12
0.470000 0.470000      17
0.480000 0.480000      12
0.490000 0.490000      13
0.500000 0.500000      12
0.510000 0.510000      15
0.520000 0.520000      21
0.530000 0.530000      14
0.540000 0.540000      12
0.550000 0.550000      21
0.560000 0.560000      15
0.570000 0.570000      17
0.580000 0.580000      12
0.590000 0.590000      11
0.600000 0.600000      29
0.610000 0.610000      15
0.620000 0.620000      14
0.630000 0.630000      13
0.640000 0.640000      13
0.650000 0.650000      15
0.660000 0.660000      12
0.670000 0.670000      14
0.680000 0.680000      19
0.690000 0.690000      17
0.700000 0.700000      20
0.710000 0.710000      18
0.720000 0.720000      27
0.730000 0.730000      26
0.740000 0.740000      23
0.750000 0.750000      31
0.760000 0.760000      16
0.770000 0.770000      29
0.780000 0.780000      22
0.790000 0.790000      39
0.800000 0.800000      21
0.810000 0.810000      39
0.820000 0.820000      33
0.830000 0.830000      23
0.840000 0.840000      18
0.850000 0.850000      19
0.860000 0.860000      28
0.870000 0.870000      22
0.880000 0.880000      16
0.890000 0.890000      22
0.900000 0.900000      17
0.910000 0.910000      18
0.920000 0.920000      13
0.930000 0.930000      46
0.940000 0.940000      26
0.950000 0.950000      26
0.960000 0.960000      24
0.970000 0.970000      58
0.980000 0.980000      16
0.990000 0.990000      25
1.000000 1.000000      34
0.000000 0.000000      10
0.010000 0.010000      10
0.020000 0.020000      11
0.030000 0.030000      10
0.040000 0.040000      10
0.050000 0.050000      10
0.060000 0.060000      11
0.070000 0.070000      10
0.080000 0.080000      11
0.090000 0.090000      10
0.100000 0.100000      10
0.110000 0.110000      10
0.120000 0.120000      12
0.130000 0.130000      10
0.140000 0.140000      10
0.150000 0.150000      12
0.160000 0.160000      11
0.170000 0.170000      12
0.180000 0.180000      10
0.190000 0.190000      13
0.200000 0.200000      13
0.210000 0.210000      13
0.220000 0.220000      11
0.230000 0.230000      14
0.240000 0.240000      15
0.250000 0.250000      12
0.260000 0.260000      12
0.270000 0.270000      10
0.280000 0.280000      13
0.290000 0.290000      10
0.300000 0.300000      16
0.310000 0.310000      10
0.320000 0.320000      13
0.330000 0.330000      12
0.340000 0.340000      14
0.350000 0.350000      11
0.360000 0.360000      15
0.370000 0.370000      13
0.380000 0.380000      17
0.390000 0.390000      13
0.400000 0.400000      14
0.410000 0.410000      18
0.420000 0.420000      10
0.430000 0.430000      17
0.440000 0.440000      14
0.450000 0.450000      15
0.460000 0.460000      15
0.470000 0.470000      11
0.480000 0.480000      13
0.490000 0.490000      14
0.500000 0.500000      21
0.510000 0.510000      16
0.520000 0.520000      15
0.530000 0.530000      20
0.540000 0.540000      17
0.550000 0.550000      13
0.560000 0.560000      18
0.570000 0.570000      25
0.580000 0.580000      22
0.590000 0.590000      21
0.600000 0.600000      17
0.610000 0.610000      16
0.620000 0.620000      14
0.630000 0.630000      27
0.640000 0.640000      16
0.650000 0.650000      15
0.660000 0.660000      13
0.670000 0.670000      28
0.680000 0.680000      30
0.690000 0.690000      14
0.700000 0.700000      27
0.710000 0.710000      12
0.720000 0.720000      22
0.730000 0.730000      21
0.740000 0.740000      30
0.750000 0.750000      16
0.760000 0.760000      20
0.770000 0.770000      30
0.780000 0.780000      16
0.790000 0.790000      30
0.800000 0.800000      18
0.810000 0.810000      13
0.820000 0.820000      22
0.830000 0.830000      18
0.840000 0.840000      26
0.850000 0.850000      40
0.860000 0.860000      26
0.870000 0.870000      11
0.880000 0.880000      24
0.890000 0.890000      44
0.900000 0.900000      26
0.910000 0.910000      20
0.920000 0.920000      24
0.930000 0.930000      27
0.940000 0.940000      24
0.950000 0.950000      27
0.960000 0.960000      21
0.970000 0.970000      30
0.980000 0.980000      35
0.990000 0.990000      28
1.000000 1.000000      45
0.000000 0.000000      10
0.010000 0.010000      10
0.020000 0.020000      11
0.030000 0.030000      10
0.040000 0.040000      10
0.050000 0.050000      10
0.060000 0.060000      10
0.070000 0.070000      10
0.080000 0.080000      10
0.090000 0.090000      11
0.100000 0.100000      11
0.110000 0.110000      10
0.120000 0.120000      10
0.130000 0.130000      14
0.140000 0.140000      11
0.150000 0.150000      11
0.160000 0.160000      11
0.170000 0.170000      15
0.180000 0.180000      11
0.190000 0.190000      13
0.200000 0.200000      17
0.210000 0.210000      10
0.220000 0.220000      12
0.230000 0.230000      14
0.240000 0.240000      17
0.250000 0.250000      13
0.260000 0.260000      14
0.270000 0.270000      11
0.280000 0.280000      13
0.290000 0.290000      19
0.300000 0.300000      14
0.310000 0.310000      13
0.320000 0.320000      12
0.330000 0.330000      13
0.340000 0.340000      15
0.350000 0.350000      10
0.360000 0.360000      12
0.370000 0.370000      15
0.380000 0.380000      14
0.390000 0.390000      15
0.400000 0.400000      12
0.410000 0.410000      13
0.420000 0.420000      12
0.430000 0.430000      16
0.440000 0.440000      10
0.450000 0.450000      16
0.460000 0.460000      16
0.470000 0.470000      12
0.480000 0.480000      15
0.490000 0.490000      19
0.500000 0.500000      18
0.510000 0.510000      15
0.520000 0.520000      11
0.530000 0.530000      20
0.540000 0.540000      16
0.550000 0.550000      14
0.560000 0.560000      22
0.570000 0.570000      14
0.580000 0.580000      14
0.590000 0.590000      21
0.600000 0.600000      27
0.610000 0.610000      16
0.620000 0.620000      11
0.630000 0.630000      16
0.640000 0.640000      14
0.650000 0.650000      28
0.660000 0.660000      17
0.670000 0.670000      20
0.680000 0.680000      11
0.690000 0.690000      16
0.700000 0.700000      18
0.710000 0.710000      17
0.720000 0.720000      22
0.730000 0.730000      24
0.740000 0.740000      30
0.750000 0.750000      17
0.760000 0.760000      16
0.770000 0.770000      20
0.780000 0.780000      35
0.790000 0.790000      24
0.800000 0.800000      14
0.810000 0.810000      14
0.820000 0.820000      13
0.830000 0.830000      17
0.840000 0.840000      24
0.850000 0.850000      20
0.860000 0.860000      18
0.870000 0.870000      21
0.880000 0.880000      17
0.890000 0.890000      20
0.900000 0.900000      24
0.910000 0.910000      44
0.920000 0.920000      19
0.930000 0.930000      27
0.940000 0.940000      19
0.950000 0.950000      27
0.960000 0.960000      30
0.970000 0.970000      56
0.980000 0.980000      31
0.990000 0.990000      25
1.000000 1.000000      56
0.000000 0.000000      10
0.010000 0.010000      10
0.020000 0.020000      10
0.030000 0.030000      11
0.040000 0.040000      10
0.050000 0.050000      10
0.060000 0.060000      10
0.070000 0.070000      10
0.080000 0.080000      12
0.090000 0.090000      10
0.100000 0.100000      10
0.110000 0.110000      11
0.120000 0.120000      11
0.130000 0.130000      11
0.140000 0.140000      13
0.150000 0.150000      12
0.160000 0.160000      11
0.170000 0.170000      12
0.180000 0.180000      12
0.190000 0.190000      13
0.200000 0.200000      13
0.210000 0.210000      15
0.220000 0.220000      11
0.230000 0.230000      11
0.240000 0.240000      11
