   0.0000000e+00   1.0000000e-03
   1.0000000e-02   9.6374407e-04
   2.0000000e-02   9.8625713e-04
   3.0000000e-02   1.0258789e-03
   4.0000000e-02   1.0685620e-03
   5.0000000e-02   1.1147068e-03
   6.0000000e-02   1.1647603e-03
   7.0000000e-02   1.2192394e-03
   8.0000000e-02   1.2787561e-03
   9.0000000e-02   1.3440402e-03
   1.0000000e-01   1.4159699e-03
   1.1000000e-01   1.4956105e-03
   1.2000000e-01   1.5842679e-03
   1.3000000e-01   1.6835601e-03
   1.4000000e-01   1.7955164e-03
   1.5000000e-01   1.9227172e-03
   1.6000000e-01   2.0684946e-03
   1.7000000e-01   2.2372281e-03
   1.8000000e-01   2.4347917e-03
   1.9000000e-01   2.6692517e-03
   2.0000000e-01   2.9519977e-03
   2.1000000e-01   3.2996553e-03
   2.2000000e-01   3.7374992e-03
   2.3000000e-01   4.3059519e-03
   2.4000000e-01   5.0740276e-03
   2.5000000e-01   6.1703727e-03
   2.6000000e-01   7.8668157e-03
   2.7000000e-01   1.0862239e-02
   2.8000000e-01   1.7711760e-02
   2.9000000e-01   4.8256531e-02
   3.0000000e-01   4.8922099e-01
   3.1000000e-01   6.1378662e-01
   3.2000000e-01   6.7749723e-01
   3.3000000e-01   7.2682620e-01
   3.4000000e-01   7.6647882e-01
   3.5000000e-01   7.9908746e-01
   3.6000000e-01   8.2632101e-01
   3.7000000e-01   8.4932131e-01
   3.8000000e-01   8.6891138e-01
   3.9000000e-01   8.8570728e-01
   4.0000000e-01   9.0018347e-01
   4.1000000e-01   9.1271355e-01
   4.2000000e-01   9.2359695e-01
   4.3000000e-01   9.3307716e-01
   4.4000000e-01   9.4135456e-01
   4.5000000e-01   9.4859575e-01
   4.6000000e-01   9.5494043e-01
   4.7000000e-01   9.6050663e-01
   4.8000000e-01   9.6539471e-01
   4.9000000e-01   9.6969051e-01
   5.0000000e-01   9.7346780e-01
   5.1000000e-01   9.7679027e-01
   5.2000000e-01   9.7971313e-01
   5.3000000e-01   9.8228437e-01
   5.4000000e-01   9.8454590e-01
   5.5000000e-01   9.8653436e-01
   5.6000000e-01   9.8828188e-01
   5.7000000e-01   9.8981672e-01
   5.8000000e-01   9.9116375e-01
   5.9000000e-01   9.9234491e-01
   6.0000000e-01   9.9337959e-01
   6.1000000e-01   9.9428493e-01
   6.2000000e-01   9.9507609e-01
   6.3000000e-01   9.9576653e-01
   6.4000000e-01   9.9636815e-01
   6.5000000e-01   9.9689153e-01
   6.6000000e-01   9.9734605e-01
   6.7000000e-01   9.9774001e-01
   6.8000000e-01   9.9808080e-01
   6.9000000e-01   9.9837494e-01
   7.0000000e-01   9.9862828e-01
   7.1000000e-01   9.9884589e-01
   7.2000000e-01   9.9903233e-01
   7.3000000e-01   9.9919168e-01
   7.4000000e-01   9.9932737e-01
   7.5000000e-01   9.9944266e-01
   7.6000000e-01   9.9954024e-01
   7.7000000e-01   9.9962253e-01
   7.8000000e-01   9.9969169e-01
   7.9000000e-01   9.9974955e-01
   8.0000000e-01   9.9979777e-01
   8.1000000e-01   9.9983774e-01
   8.2000000e-01   9.9987074e-01
   8.3000000e-01   9.9989783e-01
   8.4000000e-01   9.9991992e-01
   8.5000000e-01   9.9993782e-01
   8.6000000e-01   9.9995224e-01
   8.7000000e-01   9.9996375e-01
   8.8000000e-01   9.9997286e-01
   8.9000000e-01   9.9997999e-01
   9.0000000e-01   9.9998553e-01
   9.1000000e-01   9.9998976e-01
   9.2000000e-01   9.9999295e-01
   9.3000000e-01   9.9999530e-01
   9.4000000e-01   9.9999700e-01
   9.5000000e-01   9.9999820e-01
   9.6000000e-01   9.9999900e-01
   9.7000000e-01   9.9999952e-01
   9.8000000e-01   9.9999982e-01
   9.9000000e-01   9.9999996e-01
   1.0000000e+00   1.0000000e+00
