   0.0000000e+00   1.0000000e-03
   1.0000000e-02   1.0956228e-03
   2.0000000e-02   1.0511279e-03
   3.0000000e-02   1.0760008e-03
   4.0000000e-02   1.1037303e-03
   5.0000000e-02   1.1328991e-03
   6.0000000e-02   1.1635621e-03
   7.0000000e-02   1.1958367e-03
   8.0000000e-02   1.2298539e-03
   9.0000000e-02   1.2657589e-03
   1.0000000e-01   1.3037137e-03
   1.1000000e-01   1.3438993e-03
   1.2000000e-01   1.3865188e-03
   1.3000000e-01   1.4318009e-03
   1.4000000e-01   1.4800036e-03
   1.5000000e-01   1.5314199e-03
   1.6000000e-01   1.5863830e-03
   1.7000000e-01   1.6452742e-03
   1.8000000e-01   1.7085318e-03
   1.9000000e-01   1.7766619e-03
   2.0000000e-01   1.8502522e-03
   2.1000000e-01   1.9299893e-03
   2.2000000e-01   2.0166808e-03
   2.3000000e-01   2.1112826e-03
   2.4000000e-01   2.2149353e-03
   2.5000000e-01   2.3290114e-03
   2.6000000e-01   2.4551774e-03
   2.7000000e-01   2.5954779e-03
   2.8000000e-01   2.7524500e-03
   2.9000000e-01   2.9292826e-03
   3.0000000e-01   3.1300423e-03
   3.1000000e-01   3.3600014e-03
   3.2000000e-01   3.6261272e-03
   3.3000000e-01   3.9378339e-03
   3.4000000e-01   4.3081817e-03
   3.5000000e-01   4.7558749e-03
   3.6000000e-01   5.3087723e-03
   3.7000000e-01   6.0104860e-03
   3.8000000e-01   6.9339285e-03
   3.9000000e-01   8.2126829e-03
   4.0000000e-01   1.0127702e-02
   4.1000000e-01   1.3426070e-02
   4.2000000e-01   2.1343337e-02
   4.3000000e-01   1.4100283e-01
   4.4000000e-01   8.6613433e-01
   4.5000000e-01   8.8404271e-01
   4.6000000e-01   8.9926458e-01
   4.7000000e-01   9.1230049e-01
   4.8000000e-01   9.2352946e-01
   4.9000000e-01   9.3324635e-01
   5.0000000e-01   9.4168541e-01
   5.1000000e-01   9.4903597e-01
   5.2000000e-01   9.5545323e-01
   5.3000000e-01   9.6106588e-01
   5.4000000e-01   9.6598172e-01
   5.5000000e-01   9.7029178e-01
   5.6000000e-01   9.7407352e-01
   5.7000000e-01   9.7739323e-01
   5.8000000e-01   9.8030800e-01
   5.9000000e-01   9.8286719e-01
   6.0000000e-01   9.8511367e-01
   6.1000000e-01   9.8708482e-01
   6.2000000e-01   9.8881332e-01
   6.3000000e-01   9.9032785e-01
   6.4000000e-01   9.9165360e-01
   6.5000000e-01   9.9281278e-01
   6.6000000e-01   9.9382500e-01
   6.7000000e-01   9.9470756e-01
   6.8000000e-01   9.9547582e-01
   6.9000000e-01   9.9614335e-01
   7.0000000e-01   9.9672221e-01
   7.1000000e-01   9.9722309e-01
   7.2000000e-01   9.9765541e-01
   7.3000000e-01   9.9802766e-01
   7.4000000e-01   9.9834728e-01
   7.5000000e-01   9.9862088e-01
   7.6000000e-01   9.9885437e-01
   7.7000000e-01   9.9905292e-01
   7.8000000e-01   9.9922109e-01
   7.9000000e-01   9.9936298e-01
   8.0000000e-01   9.9948223e-01
   8.1000000e-01   9.9958191e-01
   8.2000000e-01   9.9966484e-01
   8.3000000e-01   9.9973348e-01
   8.4000000e-01   9.9978986e-01
   8.5000000e-01   9.9983592e-01
   8.6000000e-01   9.9987330e-01
   8.7000000e-01   9.9990335e-01
   8.8000000e-01   9.9992730e-01
   8.9000000e-01   9.9994619e-01
   9.0000000e-01   9.9996093e-01
   9.1000000e-01   9.9997226e-01
   9.2000000e-01   9.9998084e-01
   9.3000000e-01   9.9998721e-01
   9.4000000e-01   9.9999183e-01
   9.5000000e-01   9.9999508e-01
   9.6000000e-01   9.9999728e-01
   9.7000000e-01   9.9999868e-01
   9.8000000e-01   9.9999950e-01
   9.9000000e-01   9.9999989e-01
   1.0000000e+00   1.0000000e+00
