   0.0000000e+00   1.0000000e-03
   1.0000000e-02   1.1470936e-03
   2.0000000e-02   1.0441338e-03
   3.0000000e-02   1.0548241e-03
   4.0000000e-02   1.0734664e-03
   5.0000000e-02   1.0936136e-03
   6.0000000e-02   1.1148905e-03
   7.0000000e-02   1.1374300e-03
   8.0000000e-02   1.1604134e-03
   9.0000000e-02   1.1864176e-03
   1.0000000e-01   1.2155450e-03
   1.1000000e-01   1.2492639e-03
   1.2000000e-01   1.2898924e-03
   1.3000000e-01   1.3409279e-03
   1.4000000e-01   1.3540142e-03
   1.5000000e-01   1.3870449e-03
   1.6000000e-01   1.4120016e-03
   1.7000000e-01   1.4395230e-03
   1.8000000e-01   1.4596194e-03
   1.9000000e-01   1.4802145e-03
   2.0000000e-01   1.4965131e-03
   2.1000000e-01   1.5048274e-03
   2.2000000e-01   1.5078011e-03
   2.3000000e-01   1.4957342e-03
   2.4000000e-01   1.6238501e-03
   2.5000000e-01   1.6913314e-03
   2.6000000e-01   1.7601099e-03
   2.7000000e-01   1.8335778e-03
   2.8000000e-01   1.9157291e-03
   2.9000000e-01   2.0077059e-03
   3.0000000e-01   2.1137527e-03
   3.1000000e-01   2.1691585e-03
   3.2000000e-01   2.2233352e-03
   3.3000000e-01   2.2883831e-03
   3.4000000e-01   2.3607864e-03
   3.5000000e-01   2.4397627e-03
   3.6000000e-01   2.5246450e-03
   3.7000000e-01   2.6057684e-03
   3.8000000e-01   2.6946788e-03
   3.9000000e-01   2.7770545e-03
   4.0000000e-01   2.9725163e-03
   4.1000000e-01   3.1471336e-03
   4.2000000e-01   3.3400654e-03
   4.3000000e-01   3.5477131e-03
   4.4000000e-01   3.7829675e-03
   4.5000000e-01   4.0534945e-03
   4.6000000e-01   4.3397142e-03
   4.7000000e-01   4.6461787e-03
   4.8000000e-01   4.9975409e-03
   4.9000000e-01   5.4060958e-03
   5.0000000e-01   6.0642494e-03
   5.1000000e-01   6.8060669e-03
   5.2000000e-01   7.7627601e-03
   5.3000000e-01   9.0707620e-03
   5.4000000e-01   1.1020806e-02
   5.5000000e-01   1.4346144e-02
   5.6000000e-01   2.3894628e-02
   5.7000000e-01   9.5383568e-01
   5.8000000e-01   9.5967609e-01
   5.9000000e-01   9.6487410e-01
   6.0000000e-01   9.6942039e-01
   6.1000000e-01   9.7340048e-01
   6.2000000e-01   9.7688702e-01
   6.3000000e-01   9.7994203e-01
   6.4000000e-01   9.8261882e-01
   6.5000000e-01   9.8496359e-01
   6.6000000e-01   9.8701641e-01
   6.7000000e-01   9.8881222e-01
   6.8000000e-01   9.9038162e-01
   6.9000000e-01   9.9175148e-01
   7.0000000e-01   9.9294542e-01
   7.1000000e-01   9.9398428e-01
   7.2000000e-01   9.9488648e-01
   7.3000000e-01   9.9566833e-01
   7.4000000e-01   9.9634428e-01
   7.5000000e-01   9.9692715e-01
   7.6000000e-01   9.9742828e-01
   7.7000000e-01   9.9785781e-01
   7.8000000e-01   9.9822469e-01
   7.9000000e-01   9.9853685e-01
   8.0000000e-01   9.9880137e-01
   8.1000000e-01   9.9902454e-01
   8.2000000e-01   9.9921186e-01
   8.3000000e-01   9.9936828e-01
   8.4000000e-01   9.9949807e-01
   8.5000000e-01   9.9960510e-01
   8.6000000e-01   9.9969268e-01
   8.7000000e-01   9.9976382e-01
   8.8000000e-01   9.9982105e-01
   8.9000000e-01   9.9986660e-01
   9.0000000e-01   9.9990245e-01
   9.1000000e-01   9.9993028e-01
   9.2000000e-01   9.9995153e-01
   9.3000000e-01   9.9996745e-01
   9.4000000e-01   9.9997909e-01
   9.5000000e-01   9.9998735e-01
   9.6000000e-01   9.9999297e-01
   9.7000000e-01   9.9999658e-01
   9.8000000e-01   9.9999869e-01
   9.9000000e-01   9.9999972e-01
   1.0000000e+00   1.0000000e+00
