   0.0000000e+00   1.8807910e-31
   1.0000000e-02   2.3593903e-03
   2.0000000e-02   5.0444464e-03
   3.0000000e-02   7.4960694e-03
   4.0000000e-02   9.9997197e-03
   5.0000000e-02   8.4866329e-03
   6.0000000e-02   1.0702610e-02
   7.0000000e-02   1.5496293e-02
   8.0000000e-02   1.4342446e-02
   9.0000000e-02   1.8058135e-02
   1.0000000e-01   2.0020964e-02
   1.1000000e-01   2.0481532e-02
   1.2000000e-01   2.5071713e-02
   1.3000000e-01   2.7565912e-02
   1.4000000e-01   2.3628655e-02
   1.5000000e-01   2.7860318e-02
   1.6000000e-01   2.7154408e-02
   1.7000000e-01   3.6409965e-02
   1.8000000e-01   3.2711588e-02
   1.9000000e-01   3.9727992e-02
   2.0000000e-01   4.0733269e-02
   2.1000000e-01   4.9536862e-02
   2.2000000e-01   5.9127670e-02
   2.3000000e-01   5.5488977e-02
   2.4000000e-01   5.5232961e-02
   2.5000000e-01   6.5040559e-02
   2.6000000e-01   8.1090857e-02
   2.7000000e-01   7.3113580e-02
   2.8000000e-01   8.5563233e-02
   2.9000000e-01   8.7453702e-02
   3.0000000e-01   9.3417522e-02
   3.1000000e-01   1.0061876e-01
   3.2000000e-01   1.1734075e-01
   3.3000000e-01   1.5252955e-01
   3.4000000e-01   1.5938535e-01
   3.5000000e-01   2.2760421e-01
   3.6000000e-01   3.3288645e-01
   3.7000000e-01   2.7455969e-01
   3.8000000e-01   3.0129995e-01
   3.9000000e-01   3.5458971e+00
   4.0000000e-01   5.8216596e+00
   4.1000000e-01   2.2352146e-01
   4.2000000e-01   1.3562077e-04
   4.3000000e-01   9.1850988e-05
   4.4000000e-01   5.0745966e-05
   4.5000000e-01   4.4507727e-05
   4.6000000e-01   3.3756010e-05
   4.7000000e-01   2.4634632e-05
   4.8000000e-01   1.7627129e-05
   4.9000000e-01   1.5183445e-05
   5.0000000e-01   1.3659136e-05
   5.1000000e-01   9.7576468e-06
   5.2000000e-01   8.0970184e-06
   5.3000000e-01   7.0911277e-06
   5.4000000e-01   5.6687556e-06
   5.5000000e-01   4.9169856e-06
   5.6000000e-01   3.8605982e-06
   5.7000000e-01   3.0920794e-06
   5.8000000e-01   2.5930826e-06
   5.9000000e-01   2.3730018e-06
   6.0000000e-01   1.8742198e-06
   6.1000000e-01   1.6153084e-06
   6.2000000e-01   1.2847626e-06
   6.3000000e-01   1.1006099e-06
   6.4000000e-01   9.8011793e-07
   6.5000000e-01   8.5270433e-07
   6.6000000e-01   7.1210751e-07
   6.7000000e-01   5.9196803e-07
   6.8000000e-01   4.7313766e-07
   6.9000000e-01   4.1586212e-07
   7.0000000e-01   3.4630997e-07
   7.1000000e-01   3.3662237e-07
   7.2000000e-01   2.3550681e-07
   7.3000000e-01   2.1837317e-07
   7.4000000e-01   1.7501737e-07
   7.5000000e-01   1.4023909e-07
   7.6000000e-01   1.2312005e-07
   7.7000000e-01   1.0125571e-07
   7.8000000e-01   8.1200724e-08
   7.9000000e-01   6.1435870e-08
   8.0000000e-01   4.9871794e-08
   8.1000000e-01   4.2432773e-08
   8.2000000e-01   3.6009993e-08
   8.3000000e-01   2.5664306e-08
   8.4000000e-01   2.1686126e-08
   8.5000000e-01   1.7824288e-08
   8.6000000e-01   1.2918435e-08
   8.7000000e-01   1.0031032e-08
   8.8000000e-01   7.1393546e-09
   8.9000000e-01   4.8776948e-09
   9.0000000e-01   4.1256873e-09
   9.1000000e-01   2.8896392e-09
   9.2000000e-01   1.9920001e-09
   9.3000000e-01   1.2127237e-09
   9.4000000e-01   6.9607732e-10
   9.5000000e-01   6.2717319e-10
   9.6000000e-01   2.9187759e-10
   9.7000000e-01   1.1844328e-10
   9.8000000e-01   6.9441146e-11
   9.9000000e-01   1.9940108e-11
   1.0000000e+00   0.0000000e+00
