   0.0000000e+00   1.0000000e-03   4.3368087e-19
   1.0000000e-02   1.0556444e-03   8.0151015e-05
   2.0000000e-02   1.1848752e-03   1.1415407e-04
   3.0000000e-02   1.2619785e-03   1.6505540e-04
   4.0000000e-02   1.3967468e-03   2.1322113e-04
   5.0000000e-02   1.5402077e-03   2.3738302e-04
   6.0000000e-02   1.7019878e-03   2.8672840e-04
   7.0000000e-02   1.9698556e-03   3.7307046e-04
   8.0000000e-02   2.1979417e-03   4.6140499e-04
   9.0000000e-02   2.5099458e-03   6.1207751e-04
   1.0000000e-01   2.9707364e-03   7.9410146e-04
   1.1000000e-01   3.4659960e-03   9.0428817e-04
   1.2000000e-01   4.2892713e-03   1.3283068e-03
   1.3000000e-01   5.3801653e-03   1.9270313e-03
   1.4000000e-01   7.2609272e-03   2.9310767e-03
   1.5000000e-01   1.0677751e-02   4.9393506e-03
   1.6000000e-01   1.8573522e-02   1.0055205e-02
   1.7000000e-01   4.0007843e-02   2.2102900e-02
   1.8000000e-01   1.2039249e-01   4.4713961e-02
   1.9000000e-01   2.4925797e-01   4.0967738e-02
   2.0000000e-01   3.6425571e-01   3.0221950e-02
   2.1000000e-01   4.6186646e-01   2.3499747e-02
   2.2000000e-01   5.4265324e-01   1.9654718e-02
   2.3000000e-01   6.0845441e-01   1.5640064e-02
   2.4000000e-01   6.6243370e-01   1.2721271e-02
   2.5000000e-01   7.0890590e-01   1.0991097e-02
   2.6000000e-01   7.4742877e-01   9.4661230e-03
   2.7000000e-01   7.8042567e-01   8.1573113e-03
   2.8000000e-01   8.0857213e-01   7.3548052e-03
   2.9000000e-01   8.3331568e-01   6.5053044e-03
   3.0000000e-01   8.5414685e-01   5.9282568e-03
   3.1000000e-01   8.7219051e-01   5.2751751e-03
   3.2000000e-01   8.8789900e-01   4.6408772e-03
   3.3000000e-01   9.0196663e-01   4.2616855e-03
   3.4000000e-01   9.1381778e-01   3.8734867e-03
   3.5000000e-01   9.2427083e-01   3.5553351e-03
   3.6000000e-01   9.3325854e-01   3.3586469e-03
   3.7000000e-01   9.4130969e-01   2.9354045e-03
   3.8000000e-01   9.4863477e-01   2.6907675e-03
   3.9000000e-01   9.5469111e-01   2.5437689e-03
   4.0000000e-01   9.6009451e-01   2.4462207e-03
   4.1000000e-01   9.6487333e-01   2.1514203e-03
   4.2000000e-01   9.6918621e-01   1.9547503e-03
   4.3000000e-01   9.7294715e-01   1.8409903e-03
   4.4000000e-01   9.7626763e-01   1.7091139e-03
   4.5000000e-01   9.7921648e-01   1.6576701e-03
   4.6000000e-01   9.8175624e-01   1.4919375e-03
   4.7000000e-01   9.8391439e-01   1.3440708e-03
   4.8000000e-01   9.8591349e-01   1.2714917e-03
   4.9000000e-01   9.8769081e-01   1.1647913e-03
   5.0000000e-01   9.8933666e-01   1.1066796e-03
   5.1000000e-01   9.9065155e-01   9.8524585e-04
   5.2000000e-01   9.9184326e-01   9.5249658e-04
   5.3000000e-01   9.9292647e-01   8.6491640e-04
   5.4000000e-01   9.9384965e-01   8.0965847e-04
   5.5000000e-01   9.9464156e-01   7.5185496e-04
   5.6000000e-01   9.9535315e-01   6.8949053e-04
   5.7000000e-01   9.9599291e-01   6.3033508e-04
   5.8000000e-01   9.9650400e-01   6.1210240e-04
   5.9000000e-01   9.9703037e-01   5.6064467e-04
   6.0000000e-01   9.9741778e-01   5.0162919e-04
   6.1000000e-01   9.9779051e-01   4.8629554e-04
   6.2000000e-01   9.9808092e-01   4.3526555e-04
   6.3000000e-01   9.9837562e-01   4.0259552e-04
   6.4000000e-01   9.9859680e-01   3.7187562e-04
   6.5000000e-01   9.9883447e-01   3.5230217e-04
   6.6000000e-01   9.9898951e-01   3.1651174e-04
   6.7000000e-01   9.9914226e-01   2.9376215e-04
   6.8000000e-01   9.9925884e-01   2.6558186e-04
   6.9000000e-01   9.9939560e-01   2.4871430e-04
   7.0000000e-01   9.9947962e-01   2.3084836e-04
   7.1000000e-01   9.9957912e-01   2.1011777e-04
   7.2000000e-01   9.9964126e-01   1.8737904e-04
   7.3000000e-01   9.9970839e-01   1.7463966e-04
   7.4000000e-01   9.9975295e-01   1.5693686e-04
   7.5000000e-01   9.9979441e-01   1.4746838e-04
   7.6000000e-01   9.9983227e-01   1.2950282e-04
   7.7000000e-01   9.9986553e-01   1.1699253e-04
   7.8000000e-01   9.9988651e-01   1.0562564e-04
   7.9000000e-01   9.9990989e-01   9.7070414e-05
   8.0000000e-01   9.9992008e-01   8.9768231e-05
   8.1000000e-01   9.9994306e-01   7.6344072e-05
   8.2000000e-01   9.9995205e-01   6.7184730e-05
   8.3000000e-01   9.9996294e-01   6.0755854e-05
   8.4000000e-01   9.9997353e-01   5.1437396e-05
   8.5000000e-01   9.9997832e-01   4.7300561e-05
   8.6000000e-01   9.9998332e-01   4.0862194e-05
   8.7000000e-01   9.9998641e-01   3.6247908e-05
   8.8000000e-01   9.9999111e-01   2.9155087e-05
   8.9000000e-01   9.9999311e-01   2.6490297e-05
   9.0000000e-01   9.9999550e-01   2.1663355e-05
   9.1000000e-01   9.9999640e-01   1.8620049e-05
   9.2000000e-01   9.9999830e-01   1.2920756e-05
   9.3000000e-01   9.9999800e-01   1.4689731e-05
   9.4000000e-01   9.9999940e-01   7.7188587e-06
   9.5000000e-01   9.9999920e-01   8.9040080e-06
   9.6000000e-01   9.9999980e-01   4.4654339e-06
   9.7000000e-01   9.9999980e-01   4.4654339e-06
   9.8000000e-01   1.0000000e+00   0.0000000e+00
   9.9000000e-01   1.0000000e+00   0.0000000e+00
   1.0000000e+00   1.0000000e+00   0.0000000e+00
