   0.0000000e+00   1.0000000e-03   4.3368087e-19
   1.0000000e-02   1.0383616e-03   6.3426258e-05
   2.0000000e-02   1.0726274e-03   9.0232190e-05
   3.0000000e-02   1.1777452e-03   9.9056513e-05
   4.0000000e-02   1.2145310e-03   1.3354311e-04
   5.0000000e-02   1.2526506e-03   1.6313631e-04
   6.0000000e-02   1.3648889e-03   1.7400667e-04
   7.0000000e-02   1.4179183e-03   2.2515201e-04
   8.0000000e-02   1.5098613e-03   2.2947951e-04
   9.0000000e-02   1.6419628e-03   2.5128880e-04
   1.0000000e-01   1.7038941e-03   2.9994876e-04
   1.1000000e-01   1.8188800e-03   3.3902735e-04
   1.2000000e-01   1.9970018e-03   3.9190419e-04
   1.3000000e-01   2.1709898e-03   4.3468797e-04
   1.4000000e-01   2.2876106e-03   4.7940464e-04
   1.5000000e-01   2.6322330e-03   6.5998666e-04
   1.6000000e-01   2.7849609e-03   7.3217650e-04
   1.7000000e-01   2.9891501e-03   7.7550066e-04
   1.8000000e-01   3.3216981e-03   8.6983025e-04
   1.9000000e-01   3.8626204e-03   1.2235603e-03
   2.0000000e-01   4.3400402e-03   1.3274635e-03
   2.1000000e-01   5.1830396e-03   1.7936743e-03
   2.2000000e-01   5.5849687e-03   1.8459637e-03
   2.3000000e-01   6.7567742e-03   2.5707625e-03
   2.4000000e-01   8.8403628e-03   3.8308337e-03
   2.5000000e-01   1.1807305e-02   5.8799940e-03
   2.6000000e-01   1.5084091e-02   8.0155987e-03
   2.7000000e-01   2.4402681e-02   1.5906309e-02
   2.8000000e-01   6.7780866e-02   6.9680725e-02
   2.9000000e-01   3.7126271e-01   1.1990601e-01
   3.0000000e-01   5.3826081e-01   3.4048758e-02
   3.1000000e-01   6.2099220e-01   2.1700069e-02
   3.2000000e-01   6.8258657e-01   1.5594641e-02
   3.3000000e-01   7.3156006e-01   1.2998332e-02
   3.4000000e-01   7.6959568e-01   1.0875775e-02
   3.5000000e-01   8.0140840e-01   8.8997900e-03
   3.6000000e-01   8.2802877e-01   7.5939850e-03
   3.7000000e-01   8.5034457e-01   6.7209166e-03
   3.8000000e-01   8.7011911e-01   5.5859749e-03
   3.9000000e-01   8.8685365e-01   5.2405962e-03
   4.0000000e-01   9.0064560e-01   4.6676312e-03
   4.1000000e-01   9.1317247e-01   4.1900895e-03
   4.2000000e-01   9.2397942e-01   3.8814933e-03
   4.3000000e-01   9.3349131e-01   3.4960309e-03
   4.4000000e-01   9.4140260e-01   3.0823420e-03
   4.5000000e-01   9.4885335e-01   2.8588876e-03
   4.6000000e-01   9.5515754e-01   2.6549043e-03
   4.7000000e-01   9.6059950e-01   2.4980691e-03
   4.8000000e-01   9.6549640e-01   2.2461627e-03
   4.9000000e-01   9.6979291e-01   1.9119529e-03
   5.0000000e-01   9.7342827e-01   1.9094774e-03
   5.1000000e-01   9.7680669e-01   1.7261765e-03
   5.2000000e-01   9.7972128e-01   1.5750099e-03
   5.3000000e-01   9.8228531e-01   1.5086345e-03
   5.4000000e-01   9.8451968e-01   1.3575637e-03
   5.5000000e-01   9.8652817e-01   1.2454856e-03
   5.6000000e-01   9.8832358e-01   1.1218757e-03
   5.7000000e-01   9.8986643e-01   1.0656719e-03
   5.8000000e-01   9.9108591e-01   1.0148111e-03
   5.9000000e-01   9.9232777e-01   8.9428641e-04
   6.0000000e-01   9.9336234e-01   8.2462726e-04
   6.1000000e-01   9.9430350e-01   7.6630968e-04
   6.2000000e-01   9.9505864e-01   7.1447692e-04
   6.3000000e-01   9.9572368e-01   6.8451465e-04
   6.4000000e-01   9.9633816e-01   6.2083555e-04
   6.5000000e-01   9.9686044e-01   5.9272429e-04
   6.6000000e-01   9.9731648e-01   5.2471202e-04
   6.7000000e-01   9.9768871e-01   4.8594886e-04
   6.8000000e-01   9.9806064e-01   4.7398790e-04
   6.9000000e-01   9.9835465e-01   4.2164335e-04
   7.0000000e-01   9.9858541e-01   3.8682996e-04
   7.1000000e-01   9.9882637e-01   3.5943642e-04
   7.2000000e-01   9.9900080e-01   3.1515082e-04
   7.3000000e-01   9.9917762e-01   2.8467122e-04
   7.4000000e-01   9.9931049e-01   2.6082912e-04
   7.5000000e-01   9.9941568e-01   2.4220878e-04
   7.6000000e-01   9.9951788e-01   2.2199241e-04
   7.7000000e-01   9.9959311e-01   1.9759401e-04
   7.8000000e-01   9.9966334e-01   1.8163553e-04
   7.9000000e-01   9.9974216e-01   1.6048422e-04
   8.0000000e-01   9.9978581e-01   1.5012004e-04
   8.1000000e-01   9.9982348e-01   1.2720896e-04
   8.2000000e-01   9.9985744e-01   1.1971934e-04
   8.3000000e-01   9.9988551e-01   1.0671725e-04
   8.4000000e-01   9.9990969e-01   9.2776056e-05
   8.5000000e-01   9.9992887e-01   8.4193443e-05
   8.6000000e-01   9.9994525e-01   7.9584084e-05
   8.7000000e-01   9.9995674e-01   6.3505512e-05
   8.8000000e-01   9.9996713e-01   5.4090162e-05
   8.9000000e-01   9.9997323e-01   5.2151297e-05
   9.0000000e-01   9.9998222e-01   4.2680849e-05
   9.1000000e-01   9.9998402e-01   3.8765358e-05
   9.2000000e-01   9.9998811e-01   3.4166710e-05
   9.3000000e-01   9.9999231e-01   2.6646936e-05
   9.4000000e-01   9.9999381e-01   2.4919419e-05
   9.5000000e-01   9.9999670e-01   1.8406034e-05
   9.6000000e-01   9.9999660e-01   1.8114177e-05
   9.7000000e-01   9.9999800e-01   1.4689731e-05
   9.8000000e-01   9.9999870e-01   1.1321815e-05
   9.9000000e-01   9.9999970e-01   5.4662793e-06
   1.0000000e+00   1.0000000e+00   0.0000000e+00
