   0.0000000e+00   1.0000000e-03   4.3368087e-19
   1.0000000e-02   1.0155844e-03   3.9183514e-05
   2.0000000e-02   1.0336663e-03   5.8241330e-05
   3.0000000e-02   1.0513487e-03   7.6255259e-05
   4.0000000e-02   1.0809191e-03   1.0399394e-04
   5.0000000e-02   1.0923077e-03   1.0227565e-04
   6.0000000e-02   1.1761830e-03   1.0649538e-04
   7.0000000e-02   1.2034200e-03   1.2422922e-04
   8.0000000e-02   1.2169333e-03   1.2969167e-04
   9.0000000e-02   1.2315990e-03   1.4383783e-04
   1.0000000e-01   1.2573366e-03   1.5869321e-04
   1.1000000e-01   1.3380488e-03   1.5549375e-04
   1.2000000e-01   1.3620472e-03   1.8390060e-04
   1.3000000e-01   1.3848870e-03   1.9509628e-04
   1.4000000e-01   1.4121372e-03   2.1361426e-04
   1.5000000e-01   1.4154570e-03   2.1362289e-04
   1.6000000e-01   1.5381877e-03   2.4547283e-04
   1.7000000e-01   1.5296804e-03   2.3463834e-04
   1.8000000e-01   1.5630042e-03   2.5549840e-04
   1.9000000e-01   1.6475945e-03   2.4498977e-04
   2.0000000e-01   1.6807988e-03   2.7009125e-04
   2.1000000e-01   1.7084425e-03   3.0433796e-04
   2.2000000e-01   1.8042629e-03   2.9480333e-04
   2.3000000e-01   1.8534456e-03   3.5601320e-04
   2.4000000e-01   1.9800360e-03   3.7705885e-04
   2.5000000e-01   1.9708185e-03   3.8596697e-04
   2.6000000e-01   2.1090580e-03   4.2168294e-04
   2.7000000e-01   2.1561102e-03   4.3303915e-04
   2.8000000e-01   2.2919643e-03   4.8516168e-04
   2.9000000e-01   2.3069027e-03   5.0407732e-04
   3.0000000e-01   2.4651575e-03   5.3266025e-04
   3.1000000e-01   2.5137584e-03   5.5497624e-04
   3.2000000e-01   2.8178218e-03   7.2083505e-04
   3.3000000e-01   2.6877917e-03   6.4189042e-04
   3.4000000e-01   2.8582888e-03   7.2222665e-04
   3.5000000e-01   2.9450368e-03   7.5098783e-04
   3.6000000e-01   3.1782051e-03   8.1986625e-04
   3.7000000e-01   3.2500960e-03   8.3116191e-04
   3.8000000e-01   3.5165010e-03   1.1035214e-03
   3.9000000e-01   3.7731660e-03   1.0676870e-03
   4.0000000e-01   3.8803774e-03   1.2140964e-03
   4.1000000e-01   4.3885481e-03   1.5066288e-03
   4.2000000e-01   4.5106776e-03   1.4210246e-03
   4.3000000e-01   4.8531250e-03   1.6273415e-03
   4.4000000e-01   5.0434156e-03   1.6785220e-03
   4.5000000e-01   5.7701099e-03   2.2547306e-03
   4.6000000e-01   5.9097713e-03   2.2299623e-03
   4.7000000e-01   6.5082627e-03   2.5075554e-03
   4.8000000e-01   7.4668161e-03   3.0602503e-03
   4.9000000e-01   8.0302752e-03   3.8620538e-03
   5.0000000e-01   9.9771290e-03   5.4812410e-03
   5.1000000e-01   1.5027492e-02   4.8909130e-02
   5.2000000e-01   2.7986066e-02   9.9090675e-02
   5.3000000e-01   1.1968889e-01   2.6995940e-01
   5.4000000e-01   6.4265818e-01   4.1317153e-01
   5.5000000e-01   9.2732113e-01   1.0146303e-01
   5.6000000e-01   9.4715298e-01   3.3258133e-03
   5.7000000e-01   9.5406017e-01   2.8311381e-03
   5.8000000e-01   9.5958594e-01   2.7277172e-03
   5.9000000e-01   9.6502531e-01   2.5022395e-03
   6.0000000e-01   9.6957032e-01   2.1110563e-03
   6.1000000e-01   9.7349262e-01   1.9473901e-03
   6.2000000e-01   9.7687088e-01   1.7938472e-03
   6.3000000e-01   9.8003821e-01   1.6343529e-03
   6.4000000e-01   9.8258278e-01   1.5387168e-03
   6.5000000e-01   9.8498359e-01   1.4237625e-03
   6.6000000e-01   9.8709443e-01   1.2900149e-03
   6.7000000e-01   9.8881736e-01   1.1922301e-03
   6.8000000e-01   9.9037621e-01   1.0655030e-03
   6.9000000e-01   9.9176101e-01   9.4684151e-04
   7.0000000e-01   9.9298525e-01   8.9236441e-04
   7.1000000e-01   9.9395885e-01   8.0422752e-04
   7.2000000e-01   9.9489173e-01   7.3675085e-04
   7.3000000e-01   9.9570315e-01   7.0658990e-04
   7.4000000e-01   9.9635532e-01   6.1570099e-04
   7.5000000e-01   9.9697510e-01   5.7038381e-04
   7.6000000e-01   9.9740975e-01   5.3096616e-04
   7.7000000e-01   9.9787936e-01   4.7936975e-04
   7.8000000e-01   9.9823852e-01   4.2005994e-04
   7.9000000e-01   9.9852179e-01   3.8840785e-04
   8.0000000e-01   9.9880261e-01   3.4813161e-04
   8.1000000e-01   9.9900380e-01   3.1607824e-04
   8.2000000e-01   9.9919009e-01   2.8540032e-04
   8.3000000e-01   9.9936633e-01   2.6009190e-04
   8.4000000e-01   9.9949680e-01   2.3081701e-04
   8.5000000e-01   9.9961409e-01   1.9527738e-04
   8.6000000e-01   9.9969150e-01   1.7882324e-04
   8.7000000e-01   9.9976813e-01   1.5300326e-04
   8.8000000e-01   9.9981329e-01   1.3672817e-04
   8.9000000e-01   9.9987003e-01   1.1613532e-04
   9.0000000e-01   9.9990330e-01   9.7106597e-05
   9.1000000e-01   9.9992987e-01   8.1915645e-05
   9.2000000e-01   9.9995165e-01   6.8811665e-05
   9.3000000e-01   9.9996923e-01   5.6648906e-05
   9.4000000e-01   9.9998072e-01   4.3771751e-05
   9.5000000e-01   9.9998851e-01   3.3117750e-05
   9.6000000e-01   9.9999161e-01   2.8084191e-05
   9.7000000e-01   9.9999710e-01   1.7357912e-05
   9.8000000e-01   9.9999850e-01   1.2149265e-05
   9.9000000e-01   1.0000000e+00   0.0000000e+00
   1.0000000e+00   1.0000000e+00   0.0000000e+00
