   0.0000000e+00   1.0000000e-03   4.3368087e-19
   1.0000000e-02   1.0229770e-03   4.9689631e-05
   2.0000000e-02   1.0495504e-03   7.4543551e-05
   3.0000000e-02   1.0785215e-03   9.3378222e-05
   4.0000000e-02   1.1081918e-03   1.1081763e-04
   5.0000000e-02   1.1842415e-03   1.0909579e-04
   6.0000000e-02   1.2170861e-03   1.2591172e-04
   7.0000000e-02   1.2498146e-03   1.5558205e-04
   8.0000000e-02   1.3363636e-03   1.6004285e-04
   9.0000000e-02   1.3726872e-03   1.8446248e-04
   1.0000000e-01   1.3994558e-03   1.9801664e-04
   1.1000000e-01   1.5049587e-03   2.1538021e-04
   1.2000000e-01   1.5232170e-03   2.4118694e-04
   1.3000000e-01   1.5597685e-03   2.5896813e-04
   1.4000000e-01   1.6630542e-03   2.5563829e-04
   1.5000000e-01   1.6903614e-03   2.8214516e-04
   1.6000000e-01   1.8015544e-03   2.9687085e-04
   1.7000000e-01   1.8761610e-03   3.5799770e-04
   1.8000000e-01   1.9822934e-03   3.5852443e-04
   1.9000000e-01   2.1425414e-03   4.2704883e-04
   2.0000000e-01   2.1418874e-03   4.3228610e-04
   2.1000000e-01   2.3270758e-03   5.1793443e-04
   2.2000000e-01   2.4840996e-03   6.0403818e-04
   2.3000000e-01   2.5216949e-03   5.9401293e-04
   2.4000000e-01   2.6185921e-03   6.1541349e-04
   2.5000000e-01   2.9728324e-03   7.5816295e-04
   2.6000000e-01   3.1743494e-03   9.0394224e-04
   2.7000000e-01   3.3742481e-03   9.1238059e-04
   2.8000000e-01   3.5739962e-03   1.0454365e-03
   2.9000000e-01   3.8669941e-03   1.1435696e-03
   3.0000000e-01   4.2945674e-03   1.3126036e-03
   3.1000000e-01   4.6540650e-03   1.4762909e-03
   3.2000000e-01   5.1425311e-03   1.7615759e-03
   3.3000000e-01   5.6211180e-03   2.1953294e-03
   3.4000000e-01   6.6609091e-03   2.6592410e-03
   3.5000000e-01   7.6145455e-03   3.6327384e-03
   3.6000000e-01   8.8140187e-03   5.0853638e-03
   3.7000000e-01   1.0199289e-02   5.3442687e-03
   3.8000000e-01   1.2569767e-02   6.8996454e-03
   3.9000000e-01   1.9740115e-02   3.7171726e-02
   4.0000000e-01   6.7538743e-02   1.6295826e-01
   4.1000000e-01   6.3513049e-01   3.0027735e-01
   4.2000000e-01   8.2238563e-01   9.5772014e-03
   4.3000000e-01   8.4705847e-01   8.1181170e-03
   4.4000000e-01   8.6807865e-01   6.1838626e-03
   4.5000000e-01   8.8542730e-01   5.9070496e-03
   4.6000000e-01   9.0017423e-01   5.2300053e-03
   4.7000000e-01   9.1312609e-01   4.5321450e-03
   4.8000000e-01   9.2422026e-01   3.8803087e-03
   4.9000000e-01   9.3379192e-01   3.6386080e-03
   5.0000000e-01   9.4215907e-01   3.4820568e-03
   5.1000000e-01   9.4948326e-01   2.9659229e-03
   5.2000000e-01   9.5563316e-01   2.7192790e-03
   5.3000000e-01   9.6122000e-01   2.5596492e-03
   5.4000000e-01   9.6622184e-01   2.3004919e-03
   5.5000000e-01   9.7050643e-01   2.1520278e-03
   5.6000000e-01   9.7410986e-01   1.9139705e-03
   5.7000000e-01   9.7746733e-01   1.7188088e-03
   5.8000000e-01   9.8043640e-01   1.5788018e-03
   5.9000000e-01   9.8295245e-01   1.5141941e-03
   6.0000000e-01   9.8511630e-01   1.3486454e-03
   6.1000000e-01   9.8711161e-01   1.2545674e-03
   6.2000000e-01   9.8881310e-01   1.1207936e-03
   6.3000000e-01   9.9038070e-01   1.0390079e-03
   6.4000000e-01   9.9165804e-01   9.8175044e-04
   6.5000000e-01   9.9282218e-01   9.1679177e-04
   6.6000000e-01   9.9381548e-01   8.3864573e-04
   6.7000000e-01   9.9474246e-01   7.6534946e-04
   6.8000000e-01   9.9549800e-01   6.8475333e-04
   6.9000000e-01   9.9615155e-01   6.4239196e-04
   7.0000000e-01   9.9675365e-01   5.8657065e-04
   7.1000000e-01   9.9720200e-01   5.7856829e-04
   7.2000000e-01   9.9765794e-01   4.8415386e-04
   7.3000000e-01   9.9802737e-01   4.6638233e-04
   7.4000000e-01   9.9834456e-01   4.1765822e-04
   7.5000000e-01   9.9861608e-01   3.7396684e-04
   7.6000000e-01   9.9884825e-01   3.5048053e-04
   7.7000000e-01   9.9904565e-01   3.1790334e-04
   7.8000000e-01   9.9922707e-01   2.8473716e-04
   7.9000000e-01   9.9937453e-01   2.4770757e-04
   8.0000000e-01   9.9949111e-01   2.2320629e-04
   8.1000000e-01   9.9957373e-01   2.0590436e-04
   8.2000000e-01   9.9966613e-01   1.8969964e-04
   8.3000000e-01   9.9973087e-01   1.6015771e-04
   8.4000000e-01   9.9978691e-01   1.4723072e-04
   8.5000000e-01   9.9983497e-01   1.3348560e-04
   8.6000000e-01   9.9987852e-01   1.1364549e-04
   8.7000000e-01   9.9990330e-01   1.0014535e-04
   8.8000000e-01   9.9992727e-01   8.4488557e-05
   8.9000000e-01   9.9994935e-01   6.9836958e-05
   9.0000000e-01   9.9995854e-01   6.4228850e-05
   9.1000000e-01   9.9997213e-01   5.3753866e-05
   9.2000000e-01   9.9997842e-01   4.4630866e-05
   9.3000000e-01   9.9998751e-01   3.4823748e-05
   9.4000000e-01   9.9999271e-01   2.6383085e-05
   9.5000000e-01   9.9999351e-01   2.5043263e-05
   9.6000000e-01   9.9999720e-01   1.7084378e-05
   9.7000000e-01   9.9999880e-01   1.0883152e-05
   9.8000000e-01   9.9999930e-01   8.3331296e-06
   9.9000000e-01   9.9999980e-01   4.4654339e-06
   1.0000000e+00   1.0000000e+00   0.0000000e+00
