   0.0000000e+00   1.8807910e-31
   1.0000000e-02   3.7311345e-03
   2.0000000e-02   7.0766098e-03
   3.0000000e-02   7.0739723e-03
   4.0000000e-02   1.2089985e-02
   5.0000000e-02   1.6960606e-02
   6.0000000e-02   1.6253137e-02
   7.0000000e-02   2.5214434e-02
   8.0000000e-02   2.3100091e-02
   9.0000000e-02   2.3421767e-02
   1.0000000e-01   3.0989100e-02
   1.1000000e-01   3.4742525e-02
   1.2000000e-01   3.8512607e-02
   1.3000000e-01   4.0090335e-02
   1.4000000e-01   4.3917767e-02
   1.5000000e-01   6.2866843e-02
   1.6000000e-01   6.9118348e-02
   1.7000000e-01   6.7308342e-02
   1.8000000e-01   6.8572296e-02
   1.9000000e-01   1.0034291e-01
   2.0000000e-01   9.3552989e-02
   2.1000000e-01   1.1976174e-01
   2.2000000e-01   1.0924582e-01
   2.3000000e-01   1.4475884e-01
   2.4000000e-01   1.8777874e-01
   2.5000000e-01   2.4800031e-01
   2.6000000e-01   2.8237982e-01
   2.7000000e-01   4.2487751e-01
   2.8000000e-01   1.0568445e+00
   2.9000000e-01   1.0430839e-01
   3.0000000e-01   4.0014466e-03
   3.1000000e-01   1.2210963e-03
   3.2000000e-01   5.2195766e-04
   3.3000000e-01   3.1570051e-04
   3.4000000e-01   1.9970786e-04
   3.5000000e-01   1.2332517e-04
   3.6000000e-01   8.4110191e-05
   3.7000000e-01   6.2469371e-05
   3.8000000e-01   4.1213599e-05
   3.9000000e-01   3.4918652e-05
   4.0000000e-01   2.6858713e-05
   4.1000000e-01   2.1054308e-05
   4.2000000e-01   1.7647089e-05
   4.3000000e-01   1.4025875e-05
   4.4000000e-01   1.0720397e-05
   4.5000000e-01   9.0781209e-06
   4.6000000e-01   7.7258760e-06
   4.7000000e-01   6.7627634e-06
   4.8000000e-01   5.4122907e-06
   4.9000000e-01   3.8868376e-06
   5.0000000e-01   3.8478764e-06
   5.1000000e-01   3.1228647e-06
   5.2000000e-01   2.5844104e-06
   5.3000000e-01   2.3588090e-06
   5.4000000e-01   1.9013920e-06
   5.5000000e-01   1.5938903e-06
   5.6000000e-01   1.2885199e-06
   5.7000000e-01   1.1590277e-06
   5.8000000e-01   1.0484502e-06
   5.9000000e-01   8.1216257e-07
   6.0000000e-01   6.8912816e-07
   6.1000000e-01   5.9397846e-07
   6.2000000e-01   5.1555982e-07
   6.3000000e-01   4.7259359e-07
   6.4000000e-01   3.8827518e-07
   6.5000000e-01   3.5353851e-07
   6.6000000e-01   2.7680633e-07
   6.7000000e-01   2.3724169e-07
   6.8000000e-01   2.2553848e-07
   6.9000000e-01   1.7836960e-07
   7.0000000e-01   1.5006167e-07
   7.1000000e-01   1.2949833e-07
   7.2000000e-01   9.9518820e-08
   7.3000000e-01   8.1171155e-08
   7.4000000e-01   6.8125743e-08
   7.5000000e-01   5.8733709e-08
   7.6000000e-01   4.9328182e-08
   7.7000000e-01   3.9075187e-08
   7.8000000e-01   3.3013689e-08
   7.9000000e-01   2.5768471e-08
   8.0000000e-01   2.2545682e-08
   8.1000000e-01   1.6187834e-08
   8.2000000e-01   1.4336808e-08
   8.3000000e-01   1.1391180e-08
   8.4000000e-01   8.6089515e-09
   8.5000000e-01   7.0895443e-09
   8.6000000e-01   6.3343199e-09
   8.7000000e-01   4.0332990e-09
   8.8000000e-01   2.9259379e-09
   8.9000000e-01   2.7199034e-09
   9.0000000e-01   1.8217197e-09
   9.1000000e-01   1.5028010e-09
   9.2000000e-01   1.1673919e-09
   9.3000000e-01   7.1007010e-10
   9.4000000e-01   6.2098512e-10
   9.5000000e-01   3.3878433e-10
   9.6000000e-01   3.2812565e-10
   9.7000000e-01   2.1578907e-10
   9.8000000e-01   1.2818384e-10
   9.9000000e-01   2.9880228e-11
   1.0000000e+00   0.0000000e+00
