   0.0000000e+00   1.8807910e-31
   1.0000000e-02   3.8364979e-03
   2.0000000e-02   8.2145196e-03
   3.0000000e-02   9.3038501e-03
   4.0000000e-02   1.2927947e-02
   5.0000000e-02   1.3101679e-02
   6.0000000e-02   2.0889032e-02
   7.0000000e-02   2.1407760e-02
   8.0000000e-02   2.6843794e-02
   9.0000000e-02   2.7283674e-02
   1.0000000e-01   3.0778135e-02
   1.1000000e-01   3.7887178e-02
   1.2000000e-01   4.3271959e-02
   1.3000000e-01   5.0039517e-02
   1.4000000e-01   4.9086942e-02
   1.5000000e-01   5.8667911e-02
   1.6000000e-01   6.4613390e-02
   1.7000000e-01   7.8908290e-02
   1.8000000e-01   8.9191086e-02
   1.9000000e-01   8.3115905e-02
   2.0000000e-01   1.1382088e-01
   2.1000000e-01   1.4028496e-01
   2.2000000e-01   2.0612017e-01
   2.3000000e-01   2.5728710e-01
   2.4000000e-01   2.5167991e-01
   2.5000000e-01   4.7487943e-01
   2.6000000e-01   7.8050096e-01
   2.7000000e-01   2.4688984e-01
   2.8000000e-01   8.0603115e-03
   2.9000000e-01   1.4341681e-03
   3.0000000e-01   6.6156972e-04
   3.1000000e-01   3.4941231e-04
   3.2000000e-01   2.1082537e-04
   3.3000000e-01   1.3909281e-04
   3.4000000e-01   8.6765644e-05
   3.5000000e-01   6.4226516e-05
   3.6000000e-01   4.5851275e-05
   3.7000000e-01   3.2912812e-05
   3.8000000e-01   2.8257820e-05
   3.9000000e-01   2.1103390e-05
   4.0000000e-01   1.6943502e-05
   4.1000000e-01   1.3269661e-05
   4.2000000e-01   1.2226600e-05
   4.3000000e-01   8.9917317e-06
   4.4000000e-01   7.3135098e-06
   4.5000000e-01   6.1891817e-06
   4.6000000e-01   5.6352858e-06
   4.7000000e-01   4.3922323e-06
   4.8000000e-01   3.7381946e-06
   4.9000000e-01   3.0682445e-06
   5.0000000e-01   2.9463413e-06
   5.1000000e-01   2.0130264e-06
   5.2000000e-01   1.8814599e-06
   5.3000000e-01   1.6598768e-06
   5.4000000e-01   1.4473829e-06
   5.5000000e-01   1.1795579e-06
   5.6000000e-01   9.7038887e-07
   5.7000000e-01   8.3754043e-07
   5.8000000e-01   7.5767755e-07
   5.9000000e-01   5.9313728e-07
   6.0000000e-01   5.5247730e-07
   6.1000000e-01   4.3360588e-07
   6.2000000e-01   3.5929670e-07
   6.3000000e-01   3.0350887e-07
   6.4000000e-01   2.6320005e-07
   6.5000000e-01   2.2465913e-07
   6.6000000e-01   1.9677023e-07
   6.7000000e-01   1.7448736e-07
   6.8000000e-01   1.4767904e-07
   6.9000000e-01   1.0944677e-07
   7.0000000e-01   9.9051632e-08
   7.1000000e-01   8.0872945e-08
   7.2000000e-01   6.5519585e-08
   7.3000000e-01   5.2773984e-08
   7.4000000e-01   4.7677687e-08
   7.5000000e-01   3.6719413e-08
   7.6000000e-01   3.0553301e-08
   7.7000000e-01   2.6604052e-08
   7.8000000e-01   2.2909463e-08
   7.9000000e-01   1.8051959e-08
   8.0000000e-01   1.2651313e-08
   8.1000000e-01   1.1508942e-08
   8.2000000e-01   8.5411260e-09
   8.3000000e-01   6.4498989e-09
   8.4000000e-01   5.2313230e-09
   8.5000000e-01   3.7120672e-09
   8.6000000e-01   3.2593842e-09
   8.7000000e-01   2.3319050e-09
   8.8000000e-01   1.9959632e-09
   8.9000000e-01   1.4355873e-09
   9.0000000e-01   1.0467277e-09
   9.1000000e-01   7.6370421e-10
   9.2000000e-01   4.9249964e-10
   9.3000000e-01   3.2944290e-10
   9.4000000e-01   2.9072002e-10
   9.5000000e-01   1.8620811e-10
   9.6000000e-01   7.9281485e-11
   9.7000000e-01   1.9940108e-11
   9.8000000e-01   9.9800320e-12
   9.9000000e-01   0.0000000e+00
   1.0000000e+00   0.0000000e+00
