   0.0000000e+00   1.8807910e-31
   1.0000000e-02   3.3453895e-03
   2.0000000e-02   6.2060332e-03
   3.0000000e-02   1.0189905e-02
   4.0000000e-02   9.1757390e-03
   5.0000000e-02   1.3353732e-02
   6.0000000e-02   1.1815583e-02
   7.0000000e-02   1.6492667e-02
   8.0000000e-02   2.2049804e-02
   9.0000000e-02   2.1741727e-02
   1.0000000e-01   2.7326800e-02
   1.1000000e-01   2.8022014e-02
   1.2000000e-01   2.8309709e-02
   1.3000000e-01   3.6148192e-02
   1.4000000e-01   3.8080440e-02
   1.5000000e-01   4.4406432e-02
   1.6000000e-01   4.6170232e-02
   1.7000000e-01   4.8521363e-02
   1.8000000e-01   6.4247317e-02
   1.9000000e-01   6.6366435e-02
   2.0000000e-01   7.0161986e-02
   2.1000000e-01   7.2771717e-02
   2.2000000e-01   8.5881148e-02
   2.3000000e-01   9.3917298e-02
   2.4000000e-01   1.0757007e-01
   2.5000000e-01   1.4104427e-01
   2.6000000e-01   1.5831536e-01
   2.7000000e-01   1.8064755e-01
   2.8000000e-01   1.6818075e-01
   2.9000000e-01   2.1832013e-01
   3.0000000e-01   3.2678871e-01
   3.1000000e-01   5.6655532e-01
   3.2000000e-01   1.2976740e+00
   3.3000000e-01   3.6265941e-01
   3.4000000e-01   5.5553686e-03
   3.5000000e-01   1.3522652e-03
   3.6000000e-01   6.2704184e-04
   3.7000000e-01   3.5453588e-04
   3.8000000e-01   2.2993270e-04
   3.9000000e-01   1.4868235e-04
   4.0000000e-01   1.0417934e-04
   4.1000000e-01   7.6857581e-05
   4.2000000e-01   5.5671370e-05
   4.3000000e-01   4.1570100e-05
   4.4000000e-01   3.3232217e-05
   4.5000000e-01   2.5446133e-05
   4.6000000e-01   2.2230869e-05
   4.7000000e-01   1.7087114e-05
   4.8000000e-01   1.3237455e-05
   4.9000000e-01   1.0254480e-05
   5.0000000e-01   9.1336453e-06
   5.1000000e-01   7.7933983e-06
   5.2000000e-01   6.7715950e-06
   5.3000000e-01   5.5445268e-06
   5.4000000e-01   4.6067537e-06
   5.5000000e-01   4.1295539e-06
   5.6000000e-01   3.2119209e-06
   5.7000000e-01   2.6706688e-06
   5.8000000e-01   2.4440683e-06
   5.9000000e-01   2.1568533e-06
   6.0000000e-01   1.8925068e-06
   6.1000000e-01   1.6080687e-06
   6.2000000e-01   1.3838677e-06
   6.3000000e-01   1.0734003e-06
   6.4000000e-01   9.6026868e-07
   6.5000000e-01   8.3439084e-07
   6.6000000e-01   7.3179391e-07
   6.7000000e-01   6.3744734e-07
   6.8000000e-01   5.6820590e-07
   6.9000000e-01   4.4935520e-07
   7.0000000e-01   3.8247766e-07
   7.1000000e-01   3.3256786e-07
   7.2000000e-01   2.7502543e-07
   7.3000000e-01   2.3423402e-07
   7.4000000e-01   1.8349377e-07
   7.5000000e-01   1.5306671e-07
   7.6000000e-01   1.2986796e-07
   7.7000000e-01   1.1699648e-07
   7.8000000e-01   8.7499587e-08
   7.9000000e-01   7.6812476e-08
   8.0000000e-01   6.0009692e-08
   8.1000000e-01   5.1193731e-08
   8.2000000e-01   3.9753913e-08
   8.3000000e-01   3.6021330e-08
   8.4000000e-01   2.6987506e-08
   8.5000000e-01   2.1286355e-08
   8.6000000e-01   1.6088081e-08
   8.7000000e-01   1.2905513e-08
   8.8000000e-01   9.0424801e-09
   8.9000000e-01   7.4215836e-09
   9.0000000e-01   5.2272780e-09
   9.1000000e-01   3.9399724e-09
   9.2000000e-01   3.0200099e-09
   9.3000000e-01   1.8816618e-09
   9.4000000e-01   1.1949776e-09
   9.5000000e-01   7.1310379e-10
   9.6000000e-01   3.0010136e-10
   9.7000000e-01   2.5299507e-10
   9.8000000e-01   4.9700599e-11
   9.9000000e-01   2.9880228e-11
   1.0000000e+00   0.0000000e+00
