   0.0000000e+00   1.0000000e-03
   1.0000000e-02   1.0544431e-03
   2.0000000e-02   1.1222893e-03
   3.0000000e-02   1.2001727e-03
   4.0000000e-02   1.2893198e-03
   5.0000000e-02   1.3923654e-03
   6.0000000e-02   1.5128359e-03
   7.0000000e-02   1.6555612e-03
   8.0000000e-02   1.8273374e-03
   9.0000000e-02   2.0380410e-03
   1.0000000e-01   2.3025953e-03
   1.1000000e-01   2.6446617e-03
   1.2000000e-01   3.1041188e-03
   1.3000000e-01   3.7537791e-03
   1.4000000e-01   4.7420149e-03
   1.5000000e-01   6.4237975e-03
   1.6000000e-01   9.8986779e-03
   1.7000000e-01   2.0597490e-02
   1.8000000e-01   8.0902120e-02
   1.9000000e-01   2.3153646e-01
   2.0000000e-01   3.5763362e-01
   2.1000000e-01   4.5764189e-01
   2.2000000e-01   5.3866845e-01
   2.3000000e-01   6.0522194e-01
   2.4000000e-01   6.6051333e-01
   2.5000000e-01   7.0687793e-01
   2.6000000e-01   7.4605664e-01
   2.7000000e-01   7.7937640e-01
   2.8000000e-01   8.0786778e-01
   2.9000000e-01   8.3234387e-01
   3.0000000e-01   8.5345480e-01
   3.1000000e-01   8.7172641e-01
   3.2000000e-01   8.8758820e-01
   3.3000000e-01   9.0139410e-01
   3.4000000e-01   9.1343800e-01
   3.5000000e-01   9.2396559e-01
   3.6000000e-01   9.3318356e-01
   3.7000000e-01   9.4126674e-01
   3.8000000e-01   9.4836378e-01
   3.9000000e-01   9.5460160e-01
   4.0000000e-01   9.6008909e-01
   4.1000000e-01   9.6491994e-01
   4.2000000e-01   9.6917514e-01
   4.3000000e-01   9.7292483e-01
   4.4000000e-01   9.7622999e-01
   4.5000000e-01   9.7914378e-01
   4.6000000e-01   9.8171261e-01
   4.7000000e-01   9.8397714e-01
   4.8000000e-01   9.8597302e-01
   4.9000000e-01   9.8773158e-01
   5.0000000e-01   9.8928044e-01
   5.1000000e-01   9.9064389e-01
   5.2000000e-01   9.9184342e-01
   5.3000000e-01   9.9289801e-01
   5.4000000e-01   9.9382443e-01
   5.5000000e-01   9.9463756e-01
   5.6000000e-01   9.9535056e-01
   5.7000000e-01   9.9597468e-01
   5.8000000e-01   9.9652152e-01
   5.9000000e-01   9.9699902e-01
   6.0000000e-01   9.9741578e-01
   6.1000000e-01   9.9777886e-01
   6.2000000e-01   9.9809489e-01
   6.3000000e-01   9.9836944e-01
   6.4000000e-01   9.9860713e-01
   6.5000000e-01   9.9881371e-01
   6.6000000e-01   9.9899185e-01
   6.7000000e-01   9.9914549e-01
   6.8000000e-01   9.9927772e-01
   6.9000000e-01   9.9939126e-01
   7.0000000e-01   9.9948853e-01
   7.1000000e-01   9.9957166e-01
   7.2000000e-01   9.9964253e-01
   7.3000000e-01   9.9970272e-01
   7.4000000e-01   9.9975379e-01
   7.5000000e-01   9.9979692e-01
   7.6000000e-01   9.9983323e-01
   7.7000000e-01   9.9986371e-01
   7.8000000e-01   9.9988920e-01
   7.9000000e-01   9.9991042e-01
   8.0000000e-01   9.9992800e-01
   8.1000000e-01   9.9994252e-01
   8.2000000e-01   9.9995445e-01
   8.3000000e-01   9.9996418e-01
   8.4000000e-01   9.9997208e-01
   8.5000000e-01   9.9997845e-01
   8.6000000e-01   9.9998355e-01
   8.7000000e-01   9.9998760e-01
   8.8000000e-01   9.9999078e-01
   8.9000000e-01   9.9999326e-01
   9.0000000e-01   9.9999517e-01
   9.1000000e-01   9.9999662e-01
   9.2000000e-01   9.9999770e-01
   9.3000000e-01   9.9999849e-01
   9.4000000e-01   9.9999905e-01
   9.5000000e-01   9.9999944e-01
   9.6000000e-01   9.9999969e-01
   9.7000000e-01   9.9999986e-01
   9.8000000e-01   9.9999995e-01
   9.9000000e-01   9.9999999e-01
   1.0000000e+00   1.0000000e+00
