1 6 0.000100
1 7 0.000100
1 9 0.000100
1 10 0.000100
2 4 0.000100
2 5 0.000100
2 7 0.000200
2 8 0.000400
2 9 0.000500
2 10 0.000300
2 11 0.000100
2 13 0.000200
2 14 0.000100
2 15 0.000300
2 16 0.000200
3 5 0.000600
3 6 0.000400
3 7 0.000700
3 8 0.001100
3 9 0.001200
3 10 0.001300
3 11 0.000800
3 12 0.000900
3 13 0.000500
3 14 0.000800
3 15 0.000400
3 16 0.000100
3 17 0.000200
3 18 0.000200
4 2 0.000100
4 3 0.000400
4 4 0.000700
4 5 0.000900
4 6 0.001400
4 7 0.002000
4 8 0.002600
4 9 0.001900
4 10 0.002100
4 11 0.001700
4 12 0.001900
4 13 0.001800
4 14 0.000800
4 15 0.000600
4 16 0.000600
4 17 0.000400
4 19 0.000100
5 2 0.000200
5 3 0.000400
5 4 0.000500
5 5 0.001600
5 6 0.002300
5 7 0.004100
5 8 0.004400
5 9 0.004900
5 10 0.005500
5 11 0.003500
5 12 0.003100
5 13 0.003900
5 14 0.001500
5 15 0.000700
5 16 0.000800
5 17 0.001000
5 18 0.000200
5 19 0.000300
6 2 0.000200
6 3 0.000700
6 4 0.000800
6 5 0.002100
6 6 0.003200
6 7 0.006100
6 8 0.007700
6 9 0.008500
6 10 0.007300
6 11 0.005100
6 12 0.004300
6 13 0.004100
6 14 0.003000
6 15 0.002400
6 16 0.002100
6 17 0.001100
6 18 0.000500
6 19 0.000400
7 2 0.000200
7 3 0.000700
7 4 0.001800
7 5 0.003200
7 6 0.004900
7 7 0.010900
7 8 0.010300
7 9 0.013100
7 10 0.009900
7 11 0.008700
7 12 0.007200
7 13 0.007000
7 14 0.003900
7 15 0.002700
7 16 0.001800
7 17 0.000700
7 18 0.000600
7 19 0.000400
7 21 0.000200
7 22 0.000200
7 23 0.000100
8 2 0.000400
8 3 0.000600
8 4 0.002400
8 5 0.004200
8 6 0.006800
8 7 0.011100
8 8 0.011600
8 9 0.015000
8 10 0.014700
8 11 0.013400
8 12 0.012000
8 13 0.007100
8 14 0.005800
8 15 0.003700
8 16 0.002500
8 17 0.001200
8 18 0.001300
8 19 0.000400
8 20 0.000300
9 2 0.000600
9 3 0.000800
9 4 0.002400
9 5 0.003900
9 6 0.007800
9 7 0.011300
9 8 0.015000
9 9 0.014400
9 10 0.014800
9 11 0.013500
9 12 0.011000
9 13 0.010200
9 14 0.005500
9 15 0.004700
9 16 0.002400
9 17 0.001700
9 18 0.001100
9 19 0.000400
9 20 0.000300
9 21 0.000100
9 22 0.000100
9 23 0.000100
10 1 0.000200
10 2 0.000200
10 3 0.000900
10 4 0.001900
10 5 0.004400
10 6 0.007700
10 7 0.011700
10 8 0.014300
10 9 0.015200
10 10 0.016400
10 11 0.013200
10 12 0.010400
10 13 0.007900
10 14 0.004600
10 15 0.003900
10 16 0.002400
10 17 0.001600
10 18 0.001900
10 19 0.000400
10 20 0.000400
10 21 0.000100
11 1 0.000100
11 2 0.000400
11 3 0.000300
11 4 0.002800
11 5 0.005200
11 6 0.007500
11 7 0.011700
11 8 0.013000
11 9 0.014300
11 10 0.016100
11 11 0.011600
11 12 0.010800
11 13 0.009400
11 14 0.006600
11 15 0.003900
11 16 0.002100
11 17 0.001200
11 18 0.000800
11 19 0.000500
11 20 0.000200
12 2 0.000100
12 3 0.000300
12 4 0.001700
12 5 0.003900
12 6 0.005200
12 7 0.009200
12 8 0.012100
12 9 0.012000
12 10 0.011400
12 11 0.010500
12 12 0.009700
12 13 0.004700
12 14 0.004800
12 15 0.003100
12 16 0.001900
12 17 0.001300
12 18 0.000500
12 19 0.000400
12 20 0.000200
12 25 0.000100
13 2 0.000200
13 3 0.000700
13 4 0.001200
13 5 0.002700
13 6 0.004000
13 7 0.006700
13 8 0.008800
13 9 0.009400
13 10 0.010000
13 11 0.009000
13 12 0.007800
13 13 0.005400
13 14 0.003600
13 15 0.002000
13 16 0.001600
13 17 0.001300
13 18 0.000600
13 19 0.000600
13 20 0.000200
13 21 0.000200
14 3 0.000500
14 4 0.001100
14 5 0.001700
14 6 0.003700
14 7 0.005100
14 8 0.006500
14 9 0.006700
14 10 0.005800
14 11 0.005200
14 12 0.003800
14 13 0.004600
14 14 0.002600
14 15 0.002700
14 16 0.001600
14 17 0.000600
14 18 0.000300
15 1 0.000100
15 2 0.000100
15 3 0.000600
15 4 0.000900
15 5 0.001200
15 6 0.001700
15 7 0.003700
15 8 0.004200
15 9 0.003800
15 10 0.003900
15 11 0.003100
15 12 0.003700
15 13 0.002700
15 14 0.002300
15 15 0.001100
15 16 0.000800
15 17 0.000200
15 18 0.000400
15 19 0.000400
16 4 0.000400
16 5 0.000800
16 6 0.001000
16 7 0.003000
16 8 0.002800
16 9 0.002600
16 10 0.003000
16 11 0.002100
16 12 0.002300
16 13 0.001800
16 14 0.000900
16 15 0.000900
16 16 0.000200
16 17 0.000200
16 19 0.000100
17 3 0.000100
17 4 0.000100
17 5 0.000300
17 6 0.001400
17 7 0.000800
17 8 0.001600
17 9 0.001200
17 10 0.002200
17 11 0.001100
17 12 0.001200
17 13 0.000900
17 14 0.000500
17 15 0.000400
17 16 0.000600
17 17 0.000200
17 19 0.000100
18 3 0.000100
18 5 0.000100
18 6 0.000700
18 7 0.000400
18 8 0.000800
18 9 0.001000
18 10 0.001300
18 11 0.001100
18 12 0.000400
18 13 0.000500
18 14 0.000400
18 16 0.000200
19 4 0.000100
19 6 0.000400
19 7 0.000700
19 8 0.000300
19 9 0.000400
19 10 0.000500
19 11 0.000500
19 12 0.000300
19 13 0.000300
19 14 0.000100
19 15 0.000200
19 17 0.000100
19 19 0.000100
20 5 0.000100
20 6 0.000100
20 7 0.000200
20 8 0.000200
20 9 0.000200
20 10 0.000200
20 11 0.000300
20 12 0.000200
20 14 0.000400
21 3 0.000100
21 6 0.000100
21 7 0.000200
21 8 0.000200
21 10 0.000100
21 11 0.000100
21 12 0.000200
21 14 0.000100
21 17 0.000100
22 6 0.000100
22 9 0.000100
22 14 0.000100
22 15 0.000100
23 10 0.000100
25 8 0.000100
