1 6 0.000200
1 12 0.000100
1 17 0.000100
2 5 0.000200
2 6 0.000100
2 7 0.000100
2 8 0.000200
2 9 0.000500
2 10 0.000500
2 11 0.000100
2 12 0.000300
2 13 0.000100
2 14 0.000100
2 16 0.000100
3 4 0.000100
3 6 0.000600
3 7 0.000600
3 8 0.000700
3 9 0.000800
3 10 0.000800
3 11 0.000600
3 12 0.000600
3 13 0.000400
3 14 0.000300
3 15 0.000100
3 19 0.000100
4 3 0.000200
4 4 0.000400
4 5 0.000500
4 6 0.001200
4 7 0.001500
4 8 0.002000
4 9 0.002100
4 10 0.001800
4 11 0.001900
4 12 0.002200
4 13 0.000900
4 14 0.000900
4 15 0.000500
4 16 0.000300
4 18 0.000200
5 2 0.000200
5 3 0.000400
5 4 0.001100
5 5 0.000600
5 6 0.003000
5 7 0.003100
5 8 0.004200
5 9 0.004200
5 10 0.005100
5 11 0.004600
5 12 0.003900
5 13 0.002500
5 14 0.002200
5 15 0.001100
5 16 0.000600
5 17 0.000500
5 18 0.000400
5 19 0.000200
5 22 0.000200
6 1 0.000100
6 2 0.000100
6 3 0.000500
6 4 0.001300
6 5 0.002300
6 6 0.003200
6 7 0.004800
6 8 0.007000
6 9 0.006800
6 10 0.007200
6 11 0.007100
6 12 0.005000
6 13 0.005400
6 14 0.003100
6 15 0.001900
6 16 0.001000
6 17 0.000900
6 18 0.000600
6 19 0.000500
6 20 0.000200
7 1 0.000100
7 2 0.000100
7 3 0.000800
7 4 0.001400
7 5 0.003700
7 6 0.007400
7 7 0.008400
7 8 0.010500
7 9 0.011200
7 10 0.012200
7 11 0.010800
7 12 0.009500
7 13 0.006800
7 14 0.004700
7 15 0.003100
7 16 0.002200
7 17 0.001600
7 18 0.000700
7 19 0.000600
7 20 0.000300
7 21 0.000300
8 1 0.000100
8 2 0.000300
8 3 0.001200
8 4 0.002600
8 5 0.005000
8 6 0.007600
8 7 0.010600
8 8 0.011200
8 9 0.013700
8 10 0.011900
8 11 0.013800
8 12 0.009000
8 13 0.010200
8 14 0.005700
8 15 0.003900
8 16 0.002300
8 17 0.002300
8 18 0.000700
8 19 0.000300
9 1 0.000100
9 2 0.000100
9 3 0.000900
9 4 0.001900
9 5 0.005000
9 6 0.007800
9 7 0.011000
9 8 0.013100
9 9 0.016400
9 10 0.015900
9 11 0.016600
9 12 0.009700
9 13 0.009400
9 14 0.006300
9 15 0.003500
9 16 0.003900
9 17 0.001000
9 18 0.000900
9 19 0.000200
9 20 0.000400
9 22 0.000100
9 24 0.000100
10 2 0.000500
10 3 0.000900
10 4 0.001600
10 5 0.004600
10 6 0.008600
10 7 0.011500
10 8 0.013900
10 9 0.016200
10 10 0.014700
10 11 0.012800
10 12 0.013600
10 13 0.008800
10 14 0.008200
10 15 0.004100
10 16 0.003100
10 17 0.001700
10 18 0.000900
10 19 0.000600
10 20 0.000200
10 21 0.000200
10 23 0.000100
10 24 0.000100
11 1 0.000200
11 2 0.000200
11 3 0.001100
11 4 0.002300
11 5 0.005400
11 6 0.007700
11 7 0.010100
11 8 0.012700
11 9 0.013500
11 10 0.012700
11 11 0.015200
11 12 0.012200
11 13 0.008100
11 14 0.005600
11 15 0.004000
11 16 0.002500
11 17 0.001700
11 18 0.000400
11 19 0.000400
11 20 0.000200
11 21 0.000200
12 1 0.000100
12 3 0.000400
12 4 0.001200
12 5 0.002100
12 6 0.006100
12 7 0.008400
12 8 0.012100
12 9 0.012700
12 10 0.012600
12 11 0.011300
12 12 0.008800
12 13 0.007000
12 14 0.005400
12 15 0.002600
12 16 0.002400
12 17 0.000900
12 18 0.001400
12 19 0.000400
12 20 0.000100
12 21 0.000100
12 22 0.000100
13 2 0.000400
13 3 0.001000
13 4 0.001600
13 5 0.003600
13 6 0.004600
13 7 0.006800
13 8 0.009000
13 9 0.010100
13 10 0.006800
13 11 0.007200
13 12 0.007100
13 13 0.006200
13 14 0.004000
13 15 0.003100
13 16 0.001600
13 17 0.000700
13 18 0.000600
13 19 0.000300
13 20 0.000100
13 21 0.000200
13 22 0.000100
14 3 0.000300
14 4 0.001300
14 5 0.002100
14 6 0.003400
14 7 0.004700
14 8 0.004900
14 9 0.006800
14 10 0.005800
14 11 0.005800
14 12 0.003400
14 13 0.003700
14 14 0.003000
14 15 0.001100
14 16 0.000800
14 17 0.000200
14 18 0.000100
14 19 0.000300
14 21 0.000100
15 3 0.000200
15 4 0.000600
15 5 0.001500
15 6 0.002800
15 7 0.003200
15 8 0.003200
15 9 0.004900
15 10 0.003300
15 11 0.004000
15 12 0.003000
15 13 0.002900
15 14 0.002100
15 15 0.000700
15 16 0.001100
15 17 0.000700
15 18 0.000400
15 21 0.000100
16 3 0.000100
16 4 0.000900
16 5 0.000600
16 6 0.001400
16 7 0.002200
16 8 0.002000
16 9 0.002900
16 10 0.002500
16 11 0.002500
16 12 0.001700
16 13 0.001700
16 14 0.001200
16 15 0.000400
16 16 0.000700
16 17 0.000300
16 18 0.000400
16 20 0.000100
17 4 0.000400
17 5 0.000700
17 6 0.000400
17 7 0.001500
17 8 0.001800
17 9 0.001100
17 10 0.001600
17 11 0.002100
17 12 0.001400
17 13 0.001200
17 14 0.000200
17 15 0.000300
17 16 0.000200
17 17 0.000100
18 4 0.000100
18 5 0.000100
18 6 0.000500
18 7 0.000700
18 8 0.000900
18 9 0.001000
18 10 0.000600
18 11 0.000600
18 12 0.000700
18 13 0.000800
18 14 0.000300
18 16 0.000200
18 19 0.000100
19 5 0.000200
19 6 0.000300
19 7 0.000200
19 8 0.000500
19 9 0.000500
19 10 0.000200
19 11 0.000400
19 12 0.000300
19 13 0.000300
19 14 0.000300
19 15 0.000100
20 5 0.000100
20 6 0.000100
20 7 0.000100
20 8 0.000100
20 10 0.000300
20 11 0.000300
20 13 0.000100
20 14 0.000100
21 4 0.000100
21 6 0.000200
21 7 0.000100
21 8 0.000200
21 10 0.000200
21 12 0.000100
21 14 0.000200
21 16 0.000100
22 8 0.000300
22 12 0.000100
23 4 0.000100
23 11 0.000100
24 8 0.000100
