1 12 0.000200
2 5 0.000200
2 6 0.000200
2 7 0.000300
2 8 0.000400
2 10 0.000800
2 11 0.000100
2 12 0.000200
2 14 0.000100
2 15 0.000100
2 16 0.000100
3 4 0.000100
3 5 0.000300
3 6 0.000600
3 7 0.000500
3 8 0.001000
3 9 0.000700
3 10 0.001200
3 11 0.001100
3 12 0.000600
3 13 0.000900
3 14 0.000300
3 15 0.000500
3 16 0.000100
3 17 0.000200
4 3 0.000100
4 4 0.000200
4 5 0.000600
4 6 0.001900
4 7 0.002200
4 8 0.002000
4 9 0.002200
4 10 0.002800
4 11 0.002100
4 12 0.001400
4 13 0.001900
4 14 0.000800
4 15 0.001100
4 16 0.001000
4 17 0.000300
4 21 0.000100
5 1 0.000100
5 2 0.000100
5 3 0.000300
5 4 0.001200
5 5 0.001100
5 6 0.002700
5 7 0.003200
5 8 0.003400
5 9 0.005000
5 10 0.003900
5 11 0.004400
5 12 0.003400
5 13 0.002600
5 14 0.001600
5 15 0.001600
5 16 0.000600
5 17 0.000500
5 18 0.000300
5 19 0.000200
5 20 0.000100
6 1 0.000100
6 3 0.000100
6 4 0.001400
6 5 0.003200
6 6 0.003200
6 7 0.006300
6 8 0.007800
6 9 0.006000
6 10 0.008000
6 11 0.008000
6 12 0.006700
6 13 0.004100
6 14 0.004500
6 15 0.002000
6 16 0.001600
6 17 0.001000
6 18 0.000400
6 19 0.000200
6 20 0.000100
7 1 0.000200
7 2 0.000400
7 3 0.000800
7 4 0.002000
7 5 0.003400
7 6 0.006300
7 7 0.007300
7 8 0.011600
7 9 0.009300
7 10 0.013400
7 11 0.009000
7 12 0.010800
7 13 0.006700
7 14 0.004900
7 15 0.002900
7 16 0.002100
7 17 0.001200
7 18 0.000600
7 19 0.000200
7 20 0.000100
7 21 0.000100
7 23 0.000100
8 1 0.000100
8 2 0.000400
8 3 0.000900
8 4 0.002500
8 5 0.004200
8 6 0.007200
8 7 0.009800
8 8 0.013200
8 9 0.013300
8 10 0.016700
8 11 0.012800
8 12 0.009700
8 13 0.007400
8 14 0.006000
8 15 0.004500
8 16 0.002600
8 17 0.000800
8 18 0.000800
8 19 0.000300
8 20 0.000300
8 21 0.000100
8 22 0.000100
9 1 0.000200
9 2 0.000400
9 3 0.001100
9 4 0.003000
9 5 0.004800
9 6 0.008000
9 7 0.012600
9 8 0.014700
9 9 0.014500
9 10 0.014800
9 11 0.014000
9 12 0.010800
9 13 0.009500
9 14 0.006200
9 15 0.003300
9 16 0.002500
9 17 0.001400
9 18 0.000700
9 19 0.000600
9 20 0.000200
10 1 0.000200
10 2 0.000200
10 3 0.000600
10 4 0.002700
10 5 0.006100
10 6 0.007400
10 7 0.012000
10 8 0.012400
10 9 0.017300
10 10 0.014500
10 11 0.012700
10 12 0.011400
10 13 0.009800
10 14 0.005800
10 15 0.003400
10 16 0.003000
10 17 0.001200
10 18 0.000400
10 19 0.000100
10 20 0.000300
11 2 0.000200
11 3 0.001300
11 4 0.002000
11 5 0.004000
11 6 0.007600
11 7 0.009900
11 8 0.012600
11 9 0.013300
11 10 0.014400
11 11 0.014800
11 12 0.010800
11 13 0.010700
11 14 0.005200
11 15 0.004200
11 16 0.002900
11 17 0.001200
11 18 0.000600
11 19 0.000300
11 20 0.000400
12 1 0.000100
12 3 0.001200
12 4 0.002100
12 5 0.003500
12 6 0.006200
12 7 0.007500
12 8 0.010300
12 9 0.013000
12 10 0.011200
12 11 0.009900
12 12 0.009400
12 13 0.006700
12 14 0.005200
12 15 0.002600
12 16 0.001800
12 17 0.000900
12 18 0.000600
12 19 0.000500
12 20 0.000200
12 23 0.000100
13 2 0.000200
13 3 0.001000
13 4 0.002200
13 5 0.002200
13 6 0.005600
13 7 0.007500
13 8 0.008600
13 9 0.007700
13 10 0.010600
13 11 0.008900
13 12 0.005900
13 13 0.005000
13 14 0.005200
13 15 0.001900
13 16 0.001000
13 17 0.001100
13 18 0.000600
13 19 0.000300
13 20 0.000100
13 22 0.000100
14 2 0.000200
14 3 0.000600
14 4 0.001200
14 5 0.001700
14 6 0.002500
14 7 0.005000
14 8 0.005900
14 9 0.004900
14 10 0.006200
14 11 0.005700
14 12 0.004700
14 13 0.003400
14 14 0.001600
14 15 0.002100
14 16 0.001100
14 17 0.000200
14 18 0.000700
14 19 0.000100
14 21 0.000200
15 2 0.000100
15 3 0.000600
15 4 0.000700
15 5 0.001200
15 6 0.002400
15 7 0.003100
15 8 0.003400
15 9 0.003100
15 10 0.004700
15 11 0.004900
15 12 0.003800
15 13 0.002000
15 14 0.001800
15 15 0.000800
15 16 0.001100
15 17 0.000200
15 18 0.000200
15 19 0.000300
15 20 0.000100
16 1 0.000100
16 4 0.000400
16 5 0.000400
16 6 0.001400
16 7 0.001700
16 8 0.002400
16 9 0.002600
16 10 0.002900
16 11 0.002700
16 12 0.002300
16 13 0.001500
16 14 0.001700
16 15 0.001200
16 16 0.000500
16 17 0.000200
16 18 0.000200
17 2 0.000200
17 4 0.000700
17 5 0.000300
17 6 0.000700
17 7 0.001100
17 8 0.001900
17 9 0.001200
17 10 0.001600
17 11 0.002100
17 12 0.001200
17 13 0.000900
17 14 0.000600
17 15 0.000300
17 16 0.000200
17 20 0.000100
18 5 0.000200
18 6 0.000700
18 7 0.000400
18 8 0.000400
18 9 0.000800
18 10 0.001000
18 11 0.000700
18 12 0.000500
18 13 0.000700
18 14 0.000100
18 15 0.000300
18 17 0.000200
19 4 0.000100
19 6 0.000400
19 7 0.000100
19 8 0.000500
19 10 0.000300
19 11 0.000200
19 12 0.000200
19 13 0.000500
19 14 0.000200
19 15 0.000200
19 16 0.000100
19 18 0.000100
19 19 0.000100
20 4 0.000100
20 5 0.000100
20 6 0.000100
20 7 0.000100
20 8 0.000200
20 9 0.000500
20 10 0.000400
20 11 0.000400
20 12 0.000200
20 13 0.000100
20 16 0.000300
21 5 0.000100
21 6 0.000100
21 10 0.000100
21 12 0.000100
21 13 0.000100
22 7 0.000100
22 9 0.000300
22 11 0.000100
23 9 0.000100
