   0.0000000e+00   1.0000000e-03
   1.0000000e-02   1.1395021e-03
   2.0000000e-02   2.8344351e-03
   3.0000000e-02   3.7415628e-04
   4.0000000e-02   3.0527141e-03
   5.0000000e-02   1.2861940e-03
   6.0000000e-02   1.7549244e-03
   7.0000000e-02   1.9541002e-03
   8.0000000e-02   1.3857057e-03
   9.0000000e-02   2.8456017e-03
   1.0000000e-01   2.0642266e-03
   1.1000000e-01   2.0160864e-03
   1.2000000e-01   2.9792966e-03
   1.3000000e-01   1.6922846e-03
   1.4000000e-01   2.9195316e-03
   1.5000000e-01   3.1643599e-03
   1.6000000e-01   2.6479300e-03
   1.7000000e-01   4.3480214e-03
   1.8000000e-01   3.6781447e-03
   1.9000000e-01   4.0081720e-03
   2.0000000e-01   5.4236928e-03
   2.1000000e-01   4.8705844e-03
   2.2000000e-01   6.5680077e-03
   2.3000000e-01   8.3774837e-03
   2.4000000e-01   9.8030359e-03
   2.5000000e-01   1.6257659e-02
   2.6000000e-01   4.9042600e-02
   2.7000000e-01   8.1060118e-01
   2.8000000e-01   8.4385080e-01
   2.9000000e-01   8.6996635e-01
   3.0000000e-01   8.9092756e-01
   3.1000000e-01   9.0797093e-01
   3.2000000e-01   9.2198420e-01
   3.3000000e-01   9.3360535e-01
   3.4000000e-01   9.4330723e-01
   3.5000000e-01   9.5145248e-01
   3.6000000e-01   9.5832316e-01
   3.7000000e-01   9.6414220e-01
   3.8000000e-01   9.6908800e-01
   3.9000000e-01   9.7330468e-01
   4.0000000e-01   9.7690977e-01
   4.1000000e-01   9.7999980e-01
   4.2000000e-01   9.8265451e-01
   4.3000000e-01   9.8494010e-01
   4.4000000e-01   9.8691184e-01
   4.5000000e-01   9.8861602e-01
   4.6000000e-01   9.9009152e-01
   4.7000000e-01   9.9137115e-01
   4.8000000e-01   9.9248263e-01
   4.9000000e-01   9.9344943e-01
   5.0000000e-01   9.9429151e-01
   5.1000000e-01   9.9502583e-01
   5.2000000e-01   9.9566723e-01
   5.3000000e-01   9.9622701e-01
   5.4000000e-01   9.9671682e-01
   5.5000000e-01   9.9714539e-01
   5.6000000e-01   9.9751979e-01
   5.7000000e-01   9.9784886e-01
   5.8000000e-01   9.9813648e-01
   5.9000000e-01   9.9838821e-01
   6.0000000e-01   9.9860837e-01
   6.1000000e-01   9.9880094e-01
   6.2000000e-01   9.9896922e-01
   6.3000000e-01   9.9911584e-01
   6.4000000e-01   9.9924359e-01
   6.5000000e-01   9.9935495e-01
   6.6000000e-01   9.9945147e-01
   6.7000000e-01   9.9953512e-01
   6.8000000e-01   9.9960735e-01
   6.9000000e-01   9.9966970e-01
   7.0000000e-01   9.9972325e-01
   7.1000000e-01   9.9976906e-01
   7.2000000e-01   9.9980817e-01
   7.3000000e-01   9.9984144e-01
   7.4000000e-01   9.9986962e-01
   7.5000000e-01   9.9989338e-01
   7.6000000e-01   9.9991332e-01
   7.7000000e-01   9.9992995e-01
   7.8000000e-01   9.9994378e-01
   7.9000000e-01   9.9995518e-01
   8.0000000e-01   9.9996456e-01
   8.1000000e-01   9.9997219e-01
   8.2000000e-01   9.9997837e-01
   8.3000000e-01   9.9998333e-01
   8.4000000e-01   9.9998729e-01
   8.5000000e-01   9.9999041e-01
   8.6000000e-01   9.9999286e-01
   8.7000000e-01   9.9999475e-01
   8.8000000e-01   9.9999620e-01
   8.9000000e-01   9.9999730e-01
   9.0000000e-01   9.9999811e-01
   9.1000000e-01   9.9999871e-01
   9.2000000e-01   9.9999914e-01
   9.3000000e-01   9.9999945e-01
   9.4000000e-01   9.9999966e-01
   9.5000000e-01   9.9999980e-01
   9.6000000e-01   9.9999989e-01
   9.7000000e-01   9.9999995e-01
   9.8000000e-01   9.9999998e-01
   9.9000000e-01   1.0000000e+00
   1.0000000e+00   1.0000000e+00
