   0.0000000e+00   1.0000000e-03
   1.0000000e-02   1.4328533e-03
   2.0000000e-02   1.2585697e-03
   3.0000000e-02   1.2680416e-03
   4.0000000e-02   1.2849864e-03
   5.0000000e-02   1.3061407e-03
   6.0000000e-02   1.3280775e-03
   7.0000000e-02   1.3513457e-03
   8.0000000e-02   1.3751738e-03
   9.0000000e-02   1.3999595e-03
   1.0000000e-01   1.4257087e-03
   1.1000000e-01   1.4524429e-03
   1.2000000e-01   1.4801983e-03
   1.3000000e-01   1.5090233e-03
   1.4000000e-01   1.5389768e-03
   1.5000000e-01   1.5701520e-03
   1.6000000e-01   1.6025636e-03
   1.7000000e-01   1.6363288e-03
   1.8000000e-01   1.6715375e-03
   1.9000000e-01   1.7082887e-03
   2.0000000e-01   1.7466849e-03
   2.1000000e-01   1.7868442e-03
   2.2000000e-01   1.8288934e-03
   2.3000000e-01   1.8729716e-03
   2.4000000e-01   1.9192316e-03
   2.5000000e-01   1.9678424e-03
   2.6000000e-01   2.0189904e-03
   2.7000000e-01   2.0728835e-03
   2.8000000e-01   2.1297522e-03
   2.9000000e-01   2.1898543e-03
   3.0000000e-01   2.2534786e-03
   3.1000000e-01   2.3209501e-03
   3.2000000e-01   2.3926356e-03
   3.3000000e-01   2.4689510e-03
   3.4000000e-01   2.5503702e-03
   3.5000000e-01   2.6374351e-03
   3.6000000e-01   2.7307692e-03
   3.7000000e-01   2.8310935e-03
   3.8000000e-01   2.9392471e-03
   3.9000000e-01   3.0562131e-03
   4.0000000e-01   3.1831512e-03
   4.1000000e-01   3.3214415e-03
   4.2000000e-01   3.4727401e-03
   4.3000000e-01   3.6390551e-03
   4.4000000e-01   3.8228490e-03
   4.5000000e-01   4.0271800e-03
   4.6000000e-01   4.2559032e-03
   4.7000000e-01   4.5139618e-03
   4.8000000e-01   4.8078232e-03
   4.9000000e-01   5.1461548e-03
   5.0000000e-01   5.5409184e-03
   5.1000000e-01   6.0092391e-03
   5.2000000e-01   6.5768197e-03
   5.3000000e-01   7.2847665e-03
   5.4000000e-01   8.2050439e-03
   5.5000000e-01   9.4826472e-03
   5.6000000e-01   1.1493333e-02
   5.7000000e-01   1.6010377e-02
   5.8000000e-01   9.8120660e-01
   5.9000000e-01   9.8378035e-01
   6.0000000e-01   9.8603490e-01
   6.1000000e-01   9.8800405e-01
   6.2000000e-01   9.8972154e-01
   6.3000000e-01   9.9121710e-01
   6.4000000e-01   9.9251700e-01
   6.5000000e-01   9.9364450e-01
   6.6000000e-01   9.9462021e-01
   6.7000000e-01   9.9546245e-01
   6.8000000e-01   9.9618745e-01
   6.9000000e-01   9.9680968e-01
   7.0000000e-01   9.9734196e-01
   7.1000000e-01   9.9779569e-01
   7.2000000e-01   9.9818101e-01
   7.3000000e-01   9.9850690e-01
   7.4000000e-01   9.9878131e-01
   7.5000000e-01   9.9901131e-01
   7.6000000e-01   9.9920307e-01
   7.7000000e-01   9.9936212e-01
   7.8000000e-01   9.9949324e-01
   7.9000000e-01   9.9960066e-01
   8.0000000e-01   9.9968807e-01
   8.1000000e-01   9.9975867e-01
   8.2000000e-01   9.9981522e-01
   8.3000000e-01   9.9986015e-01
   8.4000000e-01   9.9989547e-01
   8.5000000e-01   9.9992297e-01
   8.6000000e-01   9.9994412e-01
   8.7000000e-01   9.9996019e-01
   8.8000000e-01   9.9997221e-01
   8.9000000e-01   9.9998105e-01
   9.0000000e-01   9.9998743e-01
   9.1000000e-01   9.9999193e-01
   9.2000000e-01   9.9999503e-01
   9.3000000e-01   9.9999708e-01
   9.4000000e-01   9.9999840e-01
   9.5000000e-01   9.9999919e-01
   9.6000000e-01   9.9999964e-01
   9.7000000e-01   9.9999987e-01
   9.8000000e-01   9.9999997e-01
   9.9000000e-01   1.0000000e+00
   1.0000000e+00   1.0000000e+00
