   0.0000000e+00   1.0000000e-03
   1.0000000e-02   1.5027751e-03
   2.0000000e-02   1.4035560e-03
   3.0000000e-02   1.3026093e-03
   4.0000000e-02   1.2532428e-03
   5.0000000e-02   1.5734654e-03
   6.0000000e-02   1.5575751e-03
   7.0000000e-02   1.3768846e-03
   8.0000000e-02   1.3520719e-03
   9.0000000e-02   1.5626889e-03
   1.0000000e-01   1.8667837e-03
   1.1000000e-01   1.8529094e-03
   1.2000000e-01   1.7706621e-03
   1.3000000e-01   1.5533719e-03
   1.4000000e-01   1.8253838e-03
   1.5000000e-01   2.0420252e-03
   1.6000000e-01   2.3083710e-03
   1.7000000e-01   2.3549952e-03
   1.8000000e-01   2.3338036e-03
   1.9000000e-01   2.2337807e-03
   2.0000000e-01   2.4063601e-03
   2.1000000e-01   2.6560505e-03
   2.2000000e-01   2.9804349e-03
   2.3000000e-01   3.4673140e-03
   2.4000000e-01   3.3788722e-03
   2.5000000e-01   3.5062815e-03
   2.6000000e-01   3.5599929e-03
   2.7000000e-01   4.2492462e-03
   2.8000000e-01   4.6969756e-03
   2.9000000e-01   5.0462403e-03
   3.0000000e-01   5.4463611e-03
   3.1000000e-01   6.2377898e-03
   3.2000000e-01   7.4275875e-03
   3.3000000e-01   9.1928316e-03
   3.4000000e-01   1.1663098e-02
   3.5000000e-01   1.7109446e-02
   3.6000000e-01   7.0110021e-01
   3.7000000e-01   8.9922276e-01
   3.8000000e-01   9.1205437e-01
   3.9000000e-01   9.2302018e-01
   4.0000000e-01   9.3245511e-01
   4.1000000e-01   9.4061880e-01
   4.2000000e-01   9.4771631e-01
   4.3000000e-01   9.5391202e-01
   4.4000000e-01   9.5933934e-01
   4.5000000e-01   9.6410773e-01
   4.6000000e-01   9.6830779e-01
   4.7000000e-01   9.7201518e-01
   4.8000000e-01   9.7529348e-01
   4.9000000e-01   9.7819654e-01
   5.0000000e-01   9.8077019e-01
   5.1000000e-01   9.8305370e-01
   5.2000000e-01   9.8508088e-01
   5.3000000e-01   9.8688101e-01
   5.4000000e-01   9.8847954e-01
   5.5000000e-01   9.8989872e-01
   5.6000000e-01   9.9115809e-01
   5.7000000e-01   9.9227485e-01
   5.8000000e-01   9.9326423e-01
   5.9000000e-01   9.9413977e-01
   6.0000000e-01   9.9491351e-01
   6.1000000e-01   9.9559621e-01
   6.2000000e-01   9.9619753e-01
   6.3000000e-01   9.9672612e-01
   6.4000000e-01   9.9718978e-01
   6.5000000e-01   9.9760183e-01
   6.6000000e-01   9.9794966e-01
   6.7000000e-01   9.9825790e-01
   6.8000000e-01   9.9852544e-01
   6.9000000e-01   9.9875687e-01
   7.0000000e-01   9.9895642e-01
   7.1000000e-01   9.9912784e-01
   7.2000000e-01   9.9927453e-01
   7.3000000e-01   9.9939953e-01
   7.4000000e-01   9.9950569e-01
   7.5000000e-01   9.9959534e-01
   7.6000000e-01   9.9967070e-01
   7.7000000e-01   9.9973372e-01
   7.8000000e-01   9.9978615e-01
   7.9000000e-01   9.9982950e-01
   8.0000000e-01   9.9986512e-01
   8.1000000e-01   9.9989419e-01
   8.2000000e-01   9.9991776e-01
   8.3000000e-01   9.9993669e-01
   8.4000000e-01   9.9995180e-01
   8.5000000e-01   9.9996374e-01
   8.6000000e-01   9.9997308e-01
   8.7000000e-01   9.9998030e-01
   8.8000000e-01   9.9998583e-01
   8.9000000e-01   9.9998999e-01
   9.0000000e-01   9.9999309e-01
   9.1000000e-01   9.9999535e-01
   9.2000000e-01   9.9999696e-01
   9.3000000e-01   9.9999809e-01
   9.4000000e-01   9.9999886e-01
   9.5000000e-01   9.9999936e-01
   9.6000000e-01   9.9999967e-01
   9.7000000e-01   9.9999985e-01
   9.8000000e-01   9.9999995e-01
   9.9000000e-01   9.9999999e-01
   1.0000000e+00   1.0000000e+00
