   0.0000000e+00   1.8807910e-31
   1.0000000e-02   1.8682653e-03
   2.0000000e-02   3.3967159e-03
   3.0000000e-02   5.3692844e-03
   4.0000000e-02   7.2574126e-03
   5.0000000e-02   8.1474711e-03
   6.0000000e-02   7.4126949e-03
   7.0000000e-02   8.9045664e-03
   8.0000000e-02   1.1692773e-02
   9.0000000e-02   1.4462306e-02
   1.0000000e-01   1.5230981e-02
   1.1000000e-01   1.4971352e-02
   1.2000000e-01   1.6505660e-02
   1.3000000e-01   1.8806603e-02
   1.4000000e-01   2.0696734e-02
   1.5000000e-01   1.8445905e-02
   1.6000000e-01   2.1025411e-02
   1.7000000e-01   2.5716636e-02
   1.8000000e-01   2.6264709e-02
   1.9000000e-01   2.5790916e-02
   2.0000000e-01   2.6479249e-02
   2.1000000e-01   2.9338081e-02
   2.2000000e-01   2.7390071e-02
   2.3000000e-01   3.3766527e-02
   2.4000000e-01   3.2531374e-02
   2.5000000e-01   3.7056707e-02
   2.6000000e-01   4.0955693e-02
   2.7000000e-01   3.8894981e-02
   2.8000000e-01   4.9534735e-02
   2.9000000e-01   4.3267436e-02
   3.0000000e-01   4.8110971e-02
   3.1000000e-01   5.1656031e-02
   3.2000000e-01   5.2265016e-02
   3.3000000e-01   6.0066464e-02
   3.4000000e-01   6.1631535e-02
   3.5000000e-01   5.9076500e-02
   3.6000000e-01   5.9926742e-02
   3.7000000e-01   6.1493038e-02
   3.8000000e-01   7.1847232e-02
   3.9000000e-01   7.6519633e-02
   4.0000000e-01   8.3906966e-02
   4.1000000e-01   8.1530240e-02
   4.2000000e-01   1.1492038e-01
   4.3000000e-01   1.0126861e-01
   4.4000000e-01   1.1425417e-01
   4.5000000e-01   1.2543375e-01
   4.6000000e-01   1.6360427e-01
   4.7000000e-01   1.2734576e-01
   4.8000000e-01   2.4377445e-01
   4.9000000e-01   2.5135336e-01
   5.0000000e-01   1.9002085e+01
   5.1000000e-01   1.4703069e+01
   5.2000000e-01   3.2004561e+00
   5.3000000e-01   5.2353361e-01
   5.4000000e-01   5.1838047e-06
   5.5000000e-01   5.0500446e-06
   5.6000000e-01   3.5628794e-06
   5.7000000e-01   2.9990147e-06
   5.8000000e-01   2.5625106e-06
   5.9000000e-01   2.4091822e-06
   6.0000000e-01   2.0196105e-06
   6.1000000e-01   1.4259001e-06
   6.2000000e-01   1.2185138e-06
   6.3000000e-01   1.0150857e-06
   6.4000000e-01   9.3399763e-07
   6.5000000e-01   7.5846392e-07
   6.6000000e-01   5.7960932e-07
   6.7000000e-01   4.7131512e-07
   6.8000000e-01   4.2189870e-07
   6.9000000e-01   3.5304818e-07
   7.0000000e-01   2.8271774e-07
   7.1000000e-01   2.5703696e-07
   7.2000000e-01   2.0167046e-07
   7.3000000e-01   1.6454901e-07
   7.4000000e-01   1.3018341e-07
   7.5000000e-01   1.0975787e-07
   7.6000000e-01   9.3623882e-08
   7.7000000e-01   6.7580502e-08
   7.8000000e-01   5.6596716e-08
   7.9000000e-01   4.7371859e-08
   8.0000000e-01   3.7966009e-08
   8.1000000e-01   2.8223952e-08
   8.2000000e-01   2.3308797e-08
   8.3000000e-01   1.7366756e-08
   8.4000000e-01   1.4291709e-08
   8.5000000e-01   9.7022702e-09
   8.6000000e-01   7.8618567e-09
   8.7000000e-01   5.3880884e-09
   8.8000000e-01   4.6546831e-09
   8.9000000e-01   3.6676018e-09
   9.0000000e-01   2.3518859e-09
   9.1000000e-01   1.7829526e-09
   9.2000000e-01   1.2467190e-09
   9.3000000e-01   7.1310379e-10
   9.4000000e-01   5.4585408e-10
   9.5000000e-01   4.1112089e-10
   9.6000000e-01   2.8131871e-10
   9.7000000e-01   1.9580897e-10
   9.8000000e-01   5.9580850e-11
   9.9000000e-01   5.9580850e-11
   1.0000000e+00   8.9101868e-11
