   0.0000000e+00   1.8807910e-31
   1.0000000e-02   2.7196808e-03
   2.0000000e-02   5.6530057e-03
   3.0000000e-02   8.0405169e-03
   4.0000000e-02   7.4524600e-03
   5.0000000e-02   1.2701531e-02
   6.0000000e-02   1.5517376e-02
   7.0000000e-02   1.3422867e-02
   8.0000000e-02   1.8433674e-02
   9.0000000e-02   1.7203459e-02
   1.0000000e-01   2.0625954e-02
   1.1000000e-01   2.1636375e-02
   1.2000000e-01   2.4610068e-02
   1.3000000e-01   2.9734159e-02
   1.4000000e-01   3.5199452e-02
   1.5000000e-01   3.0100119e-02
   1.6000000e-01   3.6358445e-02
   1.7000000e-01   3.8622019e-02
   1.8000000e-01   4.5253696e-02
   1.9000000e-01   4.6091632e-02
   2.0000000e-01   5.4609088e-02
   2.1000000e-01   5.3802732e-02
   2.2000000e-01   7.5393331e-02
   2.3000000e-01   6.5786397e-02
   2.4000000e-01   6.8578655e-02
   2.5000000e-01   7.7473932e-02
   2.6000000e-01   1.1086424e-01
   2.7000000e-01   1.1077628e-01
   2.8000000e-01   9.5686917e-02
   2.9000000e-01   1.5351520e-01
   3.0000000e-01   1.3497432e-01
   3.1000000e-01   1.8294878e-01
   3.2000000e-01   2.2258876e-01
   3.3000000e-01   1.2222144e+01
   3.4000000e-01   3.8825332e+00
   3.5000000e-01   8.8663999e-02
   3.6000000e-01   3.4474839e-05
   3.7000000e-01   2.2050626e-05
   3.8000000e-01   1.9340608e-05
   3.9000000e-01   1.4606033e-05
   4.0000000e-01   1.2616696e-05
   4.1000000e-01   1.0693825e-05
   4.2000000e-01   9.4478120e-06
   4.3000000e-01   7.2727811e-06
   4.4000000e-01   6.4777710e-06
   4.5000000e-01   5.1914897e-06
   4.6000000e-01   4.4839295e-06
   4.7000000e-01   3.7995364e-06
   4.8000000e-01   3.1245598e-06
   4.9000000e-01   2.7569951e-06
   5.0000000e-01   2.4466280e-06
   5.1000000e-01   1.9830280e-06
   5.2000000e-01   1.7838060e-06
   5.3000000e-01   1.6111791e-06
   5.4000000e-01   1.2778052e-06
   5.5000000e-01   1.2063843e-06
   5.6000000e-01   1.0355519e-06
   5.7000000e-01   9.0823258e-07
   5.8000000e-01   7.6948407e-07
   5.9000000e-01   6.4545621e-07
   6.0000000e-01   5.7159527e-07
   6.1000000e-01   4.7433902e-07
   6.2000000e-01   4.2209514e-07
   6.3000000e-01   3.4509817e-07
   6.4000000e-01   2.9417774e-07
   6.5000000e-01   2.5801988e-07
   6.6000000e-01   2.1305233e-07
   6.7000000e-01   1.8564902e-07
   6.8000000e-01   1.5595283e-07
   6.9000000e-01   1.3264615e-07
   7.0000000e-01   1.0982909e-07
   7.1000000e-01   9.5244888e-08
   7.2000000e-01   7.8885321e-08
   7.3000000e-01   6.5508325e-08
   7.4000000e-01   5.2516424e-08
   7.5000000e-01   4.7118567e-08
   7.6000000e-01   3.6001535e-08
   7.7000000e-01   3.4666975e-08
   7.8000000e-01   2.4772320e-08
   7.9000000e-01   2.2546867e-08
   8.0000000e-01   1.9212557e-08
   8.1000000e-01   1.5582094e-08
   8.2000000e-01   1.2259296e-08
   8.3000000e-01   1.0143503e-08
   8.4000000e-01   8.6475752e-09
   8.5000000e-01   7.5677632e-09
   8.6000000e-01   5.2131548e-09
   8.7000000e-01   4.9373435e-09
   8.8000000e-01   3.8240167e-09
   8.9000000e-01   3.6340847e-09
   9.0000000e-01   2.6488923e-09
   9.1000000e-01   2.5200925e-09
   9.2000000e-01   1.7623220e-09
   9.3000000e-01   1.8437811e-09
   9.4000000e-01   1.5160791e-09
   9.5000000e-01   1.4946949e-09
   9.6000000e-01   1.1135967e-09
   9.7000000e-01   1.1602676e-09
   9.8000000e-01   1.1949776e-09
   9.9000000e-01   1.0658709e-09
   1.0000000e+00   1.1527821e-09
