   0.0000000e+00   1.8807910e-31
   1.0000000e-02   3.5318744e-03
   2.0000000e-02   8.9493877e-03
   3.0000000e-02   8.7826141e-03
   4.0000000e-02   1.2605867e-02
   5.0000000e-02   1.4272688e-02
   6.0000000e-02   1.7198411e-02
   7.0000000e-02   1.7427755e-02
   8.0000000e-02   2.3688617e-02
   9.0000000e-02   2.9499408e-02
   1.0000000e-01   3.2419634e-02
   1.1000000e-01   3.3865878e-02
   1.2000000e-01   3.6338640e-02
   1.3000000e-01   3.8597673e-02
   1.4000000e-01   4.6971539e-02
   1.5000000e-01   5.0637425e-02
   1.6000000e-01   6.2421584e-02
   1.7000000e-01   7.0107113e-02
   1.8000000e-01   7.0727908e-02
   1.9000000e-01   8.7995899e-02
   2.0000000e-01   1.0841051e-01
   2.1000000e-01   1.1685257e-01
   2.2000000e-01   1.3335707e-01
   2.3000000e-01   1.4451232e-01
   2.4000000e-01   4.8881424e-01
   2.5000000e-01   6.9592284e+00
   2.6000000e-01   7.0244100e-01
   2.7000000e-01   1.1648632e-04
   2.8000000e-01   6.7142655e-05
   2.9000000e-01   5.0410038e-05
   3.0000000e-01   3.2465325e-05
   3.1000000e-01   2.4620188e-05
   3.2000000e-01   1.7713895e-05
   3.3000000e-01   1.2585550e-05
   3.4000000e-01   1.0589820e-05
   3.5000000e-01   7.9097348e-06
   3.6000000e-01   6.7884851e-06
   3.7000000e-01   5.3013801e-06
   3.8000000e-01   4.5014077e-06
   3.9000000e-01   3.5719886e-06
   4.0000000e-01   3.0098640e-06
   4.1000000e-01   2.5350005e-06
   4.2000000e-01   2.0816737e-06
   4.3000000e-01   1.7534687e-06
   4.4000000e-01   1.5029390e-06
   4.5000000e-01   1.2928567e-06
   4.6000000e-01   1.1695377e-06
   4.7000000e-01   1.0028004e-06
   4.8000000e-01   7.7809457e-07
   4.9000000e-01   6.9612066e-07
   5.0000000e-01   6.6151695e-07
   5.1000000e-01   5.1609193e-07
   5.2000000e-01   4.5611985e-07
   5.3000000e-01   3.4754478e-07
   5.4000000e-01   3.8411884e-07
   5.5000000e-01   2.9552167e-07
   5.6000000e-01   2.5666686e-07
   5.7000000e-01   2.1633844e-07
   5.8000000e-01   1.8720849e-07
   5.9000000e-01   1.9028534e-07
   6.0000000e-01   1.6513881e-07
   6.1000000e-01   1.2691078e-07
   6.2000000e-01   1.0837437e-07
   6.3000000e-01   1.0135127e-07
   6.4000000e-01   7.8774036e-08
   6.5000000e-01   6.6494797e-08
   6.6000000e-01   5.8701665e-08
   6.7000000e-01   4.5487920e-08
   6.8000000e-01   4.6178092e-08
   6.9000000e-01   3.5347379e-08
   7.0000000e-01   3.3294431e-08
   7.1000000e-01   2.8478245e-08
   7.2000000e-01   2.2221004e-08
   7.3000000e-01   2.1454951e-08
   7.4000000e-01   1.6434399e-08
   7.5000000e-01   1.2982944e-08
   7.6000000e-01   1.1610817e-08
   7.7000000e-01   9.5146878e-09
   7.8000000e-01   7.4956327e-09
   7.9000000e-01   5.8158862e-09
   8.0000000e-01   5.4050844e-09
   8.1000000e-01   4.4620623e-09
   8.2000000e-01   3.5490812e-09
   8.3000000e-01   3.3820028e-09
   8.4000000e-01   2.7473183e-09
   8.5000000e-01   2.0078332e-09
   8.6000000e-01   1.9045656e-09
   8.7000000e-01   1.5016216e-09
   8.8000000e-01   1.5666918e-09
   8.9000000e-01   1.3411931e-09
   9.0000000e-01   1.1701671e-09
   9.1000000e-01   9.0317048e-10
   9.2000000e-01   9.3917950e-10
   9.3000000e-01   7.3005042e-10
   9.4000000e-01   6.3845064e-10
   9.5000000e-01   6.5583634e-10
   9.6000000e-01   5.8102458e-10
   9.7000000e-01   6.4451896e-10
   9.8000000e-01   4.7651108e-10
   9.9000000e-01   5.5467664e-10
   1.0000000e+00   6.6449925e-10
