   0.0000000e+00   1.0000000e-03   4.3368087e-19
   1.0000000e-02   1.0345654e-03   6.1483784e-05
   2.0000000e-02   1.0851149e-03   1.0265317e-04
   3.0000000e-02   1.1896755e-03   1.1149116e-04
   4.0000000e-02   1.2233415e-03   1.3735171e-04
   5.0000000e-02   1.3414474e-03   1.6026051e-04
   6.0000000e-02   1.3801980e-03   1.8100291e-04
   7.0000000e-02   1.4837359e-03   1.9587424e-04
   8.0000000e-02   1.5489943e-03   2.3840736e-04
   9.0000000e-02   1.6885057e-03   2.9000747e-04
   1.0000000e-01   1.8315697e-03   3.2978242e-04
   1.1000000e-01   1.9461672e-03   3.5814701e-04
   1.2000000e-01   2.1359259e-03   4.0716508e-04
   1.3000000e-01   2.2892336e-03   4.4974948e-04
   1.4000000e-01   2.5022263e-03   5.4230548e-04
   1.5000000e-01   2.6782847e-03   6.0268800e-04
   1.6000000e-01   2.9363803e-03   7.3363440e-04
   1.7000000e-01   3.1966165e-03   8.4639207e-04
   1.8000000e-01   3.5834897e-03   9.5301901e-04
   1.9000000e-01   4.0544534e-03   1.2027172e-03
   2.0000000e-01   4.6643426e-03   1.5357699e-03
   2.1000000e-01   5.5390558e-03   1.8934545e-03
   2.2000000e-01   6.6285068e-03   2.4206039e-03
   2.3000000e-01   7.8850877e-03   2.9974984e-03
   2.4000000e-01   1.0868227e-02   7.5985480e-03
   2.5000000e-01   2.1802572e-02   5.7515948e-02
   2.6000000e-01   4.2999028e-01   3.6038239e-01
   2.7000000e-01   8.1298701e-01   8.7744738e-03
   2.8000000e-01   8.4579665e-01   6.9305103e-03
   2.9000000e-01   8.7158382e-01   6.1882474e-03
   3.0000000e-01   8.9197174e-01   5.0823079e-03
   3.1000000e-01   9.0906471e-01   4.5106640e-03
   3.2000000e-01   9.2285005e-01   3.8840801e-03
   3.3000000e-01   9.3429823e-01   3.3145275e-03
   3.4000000e-01   9.4377503e-01   3.0712331e-03
   3.5000000e-01   9.5189929e-01   2.6771454e-03
   3.6000000e-01   9.5853434e-01   2.4974345e-03
   3.7000000e-01   9.6432538e-01   2.2203328e-03
   3.8000000e-01   9.6914995e-01   2.0561991e-03
   3.9000000e-01   9.7342753e-01   1.8397493e-03
   4.0000000e-01   9.7687702e-01   1.6947800e-03
   4.1000000e-01   9.8007562e-01   1.5604455e-03
   4.2000000e-01   9.8261618e-01   1.4177193e-03
   4.3000000e-01   9.8481389e-01   1.3040768e-03
   4.4000000e-01   9.8685554e-01   1.2098298e-03
   4.5000000e-01   9.8848891e-01   1.1239500e-03
   4.6000000e-01   9.8999041e-01   1.0706268e-03
   4.7000000e-01   9.9121339e-01   9.9260030e-04
   4.8000000e-01   9.9238691e-01   8.7538121e-04
   4.9000000e-01   9.9336424e-01   8.2880198e-04
   5.0000000e-01   9.9417742e-01   8.0860121e-04
   5.1000000e-01   9.9491459e-01   7.1474205e-04
   5.2000000e-01   9.9555065e-01   6.7236152e-04
   5.3000000e-01   9.9613007e-01   5.8724785e-04
   5.4000000e-01   9.9663906e-01   6.1769019e-04
   5.5000000e-01   9.9704685e-01   5.4201366e-04
   5.6000000e-01   9.9746344e-01   5.0533792e-04
   5.7000000e-01   9.9778611e-01   4.6409223e-04
   5.8000000e-01   9.9806454e-01   4.3183854e-04
   5.9000000e-01   9.9830320e-01   4.3547690e-04
   6.0000000e-01   9.9853996e-01   4.0577942e-04
   6.1000000e-01   9.9872617e-01   3.5579159e-04
   6.2000000e-01   9.9890230e-01   3.2884127e-04
   6.3000000e-01   9.9905465e-01   3.1805619e-04
   6.4000000e-01   9.9917323e-01   2.8043508e-04
   6.5000000e-01   9.9930130e-01   2.5768568e-04
   6.6000000e-01   9.9940030e-01   2.4213897e-04
   6.7000000e-01   9.9947483e-01   2.1316696e-04
   6.8000000e-01   9.9955994e-01   2.1479632e-04
   6.9000000e-01   9.9962937e-01   1.8793930e-04
   7.0000000e-01   9.9967992e-01   1.8240921e-04
   7.1000000e-01   9.9972188e-01   1.6870805e-04
   7.2000000e-01   9.9977343e-01   1.4903334e-04
   7.3000000e-01   9.9979850e-01   1.4644557e-04
   7.4000000e-01   9.9984016e-01   1.2817623e-04
   7.5000000e-01   9.9986304e-01   1.1392712e-04
   7.6000000e-01   9.9988951e-01   1.0774160e-04
   7.7000000e-01   9.9990420e-01   9.7533916e-05
   7.8000000e-01   9.9992068e-01   8.6570455e-05
   7.9000000e-01   9.9993447e-01   7.6256960e-05
   8.0000000e-01   9.9994645e-01   7.3515343e-05
   8.1000000e-01   9.9995405e-01   6.6795600e-05
   8.2000000e-01   9.9996304e-01   5.9571963e-05
   8.3000000e-01   9.9996603e-01   5.8153014e-05
   8.4000000e-01   9.9997173e-01   5.2413385e-05
   8.5000000e-01   9.9997742e-01   4.4807840e-05
   8.6000000e-01   9.9997992e-01   4.3640453e-05
   8.7000000e-01   9.9998462e-01   3.8750166e-05
   8.8000000e-01   9.9998511e-01   3.9580868e-05
   8.9000000e-01   9.9998631e-01   3.6621802e-05
   9.0000000e-01   9.9998781e-01   3.4207288e-05
   9.1000000e-01   9.9999021e-01   3.0052501e-05
   9.2000000e-01   9.9999001e-01   3.0645730e-05
   9.3000000e-01   9.9999231e-01   2.7019237e-05
   9.4000000e-01   9.9999361e-01   2.5267419e-05
   9.5000000e-01   9.9999341e-01   2.5609133e-05
   9.6000000e-01   9.9999381e-01   2.4104302e-05
   9.7000000e-01   9.9999331e-01   2.5387208e-05
   9.8000000e-01   9.9999520e-01   2.1829029e-05
   9.9000000e-01   9.9999411e-01   2.3551435e-05
   1.0000000e+00   9.9999331e-01   2.5777710e-05
