   0.0000000e+00   1.0000000e-03   4.3368087e-19
   1.0000000e-02   1.0264735e-03   5.3531168e-05
   2.0000000e-02   1.0558442e-03   7.9385198e-05
   3.0000000e-02   1.0850150e-03   9.7292132e-05
   4.0000000e-02   1.1819549e-03   1.0203537e-04
   5.0000000e-02   1.2121569e-03   1.3661138e-04
   6.0000000e-02   1.2486486e-03   1.5554262e-04
   7.0000000e-02   1.3329582e-03   1.5443267e-04
   8.0000000e-02   1.3794337e-03   1.8728663e-04
   9.0000000e-02   1.4954466e-03   1.9614570e-04
   1.0000000e-01   1.5160126e-03   2.1772576e-04
   1.1000000e-01   1.6355517e-03   2.4057834e-04
   1.2000000e-01   1.6785235e-03   2.6331999e-04
   1.3000000e-01   1.6958153e-03   2.9241953e-04
   1.4000000e-01   1.8575949e-03   3.4851299e-04
   1.5000000e-01   1.9480565e-03   3.3797584e-04
   1.6000000e-01   1.9864297e-03   3.7877024e-04
   1.7000000e-01   2.1165480e-03   4.1595430e-04
   1.8000000e-01   2.2773309e-03   4.8445469e-04
   1.9000000e-01   2.4239777e-03   5.2040285e-04
   2.0000000e-01   2.6421846e-03   6.1744121e-04
   2.1000000e-01   2.7731884e-03   6.4325259e-04
   2.2000000e-01   3.0296724e-03   8.3188280e-04
   2.3000000e-01   3.2674556e-03   8.3806509e-04
   2.4000000e-01   3.5330841e-03   9.2522734e-04
   2.5000000e-01   3.7841897e-03   1.0532966e-03
   2.6000000e-01   4.3501048e-03   1.4484232e-03
   2.7000000e-01   4.5772636e-03   1.5234538e-03
   2.8000000e-01   5.0573805e-03   1.5644148e-03
   2.9000000e-01   5.8824786e-03   2.3048149e-03
   3.0000000e-01   6.6223404e-03   2.4329718e-03
   3.1000000e-01   8.1105033e-03   3.4690660e-03
   3.2000000e-01   9.8709046e-03   4.6570250e-03
   3.3000000e-01   2.4926054e-02   8.7141941e-02
   3.4000000e-01   1.4553208e-01   2.8675851e-01
   3.5000000e-01   7.9497812e-01   2.3671667e-01
   3.6000000e-01   8.8757396e-01   5.2114152e-03
   3.7000000e-01   9.0187781e-01   4.2350463e-03
   3.8000000e-01   9.1385309e-01   4.0189392e-03
   3.9000000e-01   9.2463805e-01   3.5337669e-03
   4.0000000e-01   9.3318279e-01   3.3146642e-03
   4.1000000e-01   9.4138230e-01   3.0784533e-03
   4.2000000e-01   9.4843120e-01   2.9152208e-03
   4.3000000e-01   9.5435363e-01   2.5737099e-03
   4.4000000e-01   9.5962667e-01   2.4423905e-03
   4.5000000e-01   9.6423292e-01   2.1969894e-03
   4.6000000e-01   9.6840746e-01   2.0506310e-03
   4.7000000e-01   9.7211107e-01   1.8948777e-03
   4.8000000e-01   9.7539094e-01   1.7241424e-03
   4.9000000e-01   9.7815551e-01   1.6241491e-03
   5.0000000e-01   9.8066020e-01   1.5339193e-03
   5.1000000e-01   9.8297104e-01   1.3842201e-03
   5.2000000e-01   9.8497682e-01   1.3155272e-03
   5.3000000e-01   9.8676730e-01   1.2525257e-03
   5.4000000e-01   9.8838492e-01   1.1172707e-03
   5.5000000e-01   9.8978881e-01   1.0871397e-03
   5.6000000e-01   9.9099471e-01   1.0084567e-03
   5.7000000e-01   9.9214016e-01   9.4552185e-04
   5.8000000e-01   9.9313636e-01   8.7118161e-04
   5.9000000e-01   9.9398392e-01   7.9856956e-04
   6.0000000e-01   9.9475225e-01   7.5207169e-04
   6.1000000e-01   9.9547672e-01   6.8560746e-04
   6.2000000e-01   9.9603487e-01   6.4711240e-04
   6.3000000e-01   9.9656693e-01   5.8543382e-04
   6.4000000e-01   9.9705205e-01   5.4078263e-04
   6.5000000e-01   9.9750320e-01   5.0668830e-04
   6.6000000e-01   9.9784615e-01   4.6058176e-04
   6.7000000e-01   9.9813586e-01   4.3006688e-04
   6.8000000e-01   9.9842198e-01   3.9428546e-04
   6.9000000e-01   9.9865634e-01   3.6371682e-04
   7.0000000e-01   9.9884585e-01   3.3102223e-04
   7.1000000e-01   9.9904805e-01   3.0832392e-04
   7.2000000e-01   9.9919271e-01   2.8063857e-04
   7.3000000e-01   9.9931079e-01   2.5576954e-04
   7.4000000e-01   9.9943686e-01   2.2903557e-04
   7.5000000e-01   9.9952278e-01   2.1696453e-04
   7.6000000e-01   9.9960110e-01   1.8966502e-04
   7.7000000e-01   9.9967373e-01   1.8612995e-04
   7.8000000e-01   9.9973107e-01   1.5734992e-04
   7.9000000e-01   9.9977902e-01   1.5012296e-04
   8.0000000e-01   9.9981658e-01   1.3858394e-04
   8.1000000e-01   9.9984456e-01   1.2480885e-04
   8.2000000e-01   9.9987353e-01   1.1070770e-04
   8.3000000e-01   9.9989570e-01   1.0070445e-04
   8.4000000e-01   9.9991119e-01   9.2984081e-05
   8.5000000e-01   9.9992837e-01   8.6986660e-05
   8.6000000e-01   9.9994196e-01   7.2197990e-05
   8.7000000e-01   9.9994915e-01   7.0262660e-05
   8.8000000e-01   9.9995974e-01   6.1836144e-05
   8.9000000e-01   9.9996204e-01   6.0281081e-05
   9.0000000e-01   9.9997123e-01   5.1465910e-05
   9.1000000e-01   9.9997323e-01   5.0199179e-05
   9.2000000e-01   9.9998062e-01   4.1979206e-05
   9.3000000e-01   9.9998092e-01   4.2938453e-05
   9.4000000e-01   9.9998262e-01   3.8936184e-05
   9.5000000e-01   9.9998472e-01   3.8660693e-05
   9.6000000e-01   9.9998881e-01   3.3370222e-05
   9.7000000e-01   9.9998741e-01   3.4062272e-05
   9.8000000e-01   9.9998801e-01   3.4568033e-05
   9.9000000e-01   9.9998891e-01   3.2647316e-05
   1.0000000e+00   9.9998751e-01   3.3952221e-05
