   0.0000000e+00   1.0000000e-03   4.3368087e-19
   1.0000000e-02   1.0186813e-03   4.4030905e-05
   2.0000000e-02   1.0343656e-03   6.0284227e-05
   3.0000000e-02   1.0565435e-03   7.7418646e-05
   4.0000000e-02   1.0750250e-03   9.1581860e-05
   5.0000000e-02   1.0899101e-03   9.8378928e-05
   6.0000000e-02   1.1751166e-03   1.0117403e-04
   7.0000000e-02   1.1948034e-03   1.1274644e-04
   8.0000000e-02   1.2230053e-03   1.3224739e-04
   9.0000000e-02   1.2324594e-03   1.4821474e-04
   1.0000000e-01   1.2459492e-03   1.5376740e-04
   1.1000000e-01   1.3385366e-03   1.6377996e-04
   1.2000000e-01   1.3573551e-03   1.7438532e-04
   1.3000000e-01   1.3700143e-03   1.8787989e-04
   1.4000000e-01   1.3905277e-03   2.0004632e-04
   1.5000000e-01   1.4058290e-03   1.9093365e-04
   1.6000000e-01   1.5173579e-03   2.2001905e-04
   1.7000000e-01   1.5329882e-03   2.4583623e-04
   1.8000000e-01   1.5515284e-03   2.5144675e-04
   1.9000000e-01   1.6654281e-03   2.6746027e-04
   2.0000000e-01   1.6776167e-03   2.7298928e-04
   2.1000000e-01   1.7159292e-03   2.9391058e-04
   2.2000000e-01   1.7883249e-03   2.9596680e-04
   2.3000000e-01   1.8484401e-03   3.3966326e-04
   2.4000000e-01   1.9447368e-03   3.5076160e-04
   2.5000000e-01   1.9959253e-03   3.8421799e-04
   2.6000000e-01   2.1250916e-03   4.3006569e-04
   2.7000000e-01   2.1252951e-03   4.1914667e-04
   2.8000000e-01   2.1732993e-03   4.8369820e-04
   2.9000000e-01   2.2821747e-03   4.7471118e-04
   3.0000000e-01   2.3193443e-03   5.0872992e-04
   3.1000000e-01   2.5145548e-03   5.7150709e-04
   3.2000000e-01   2.5780969e-03   5.8939275e-04
   3.3000000e-01   2.6312391e-03   6.4487619e-04
   3.4000000e-01   2.8087189e-03   6.9728410e-04
   3.5000000e-01   2.9086207e-03   7.0695939e-04
   3.6000000e-01   2.9907180e-03   7.3212596e-04
   3.7000000e-01   3.1356239e-03   7.7756541e-04
   3.8000000e-01   3.3033457e-03   8.8543982e-04
   3.9000000e-01   3.5119772e-03   9.7148953e-04
   4.0000000e-01   3.8793750e-03   1.1237269e-03
   4.1000000e-01   3.9431412e-03   1.1259048e-03
   4.2000000e-01   4.4881974e-03   1.5214948e-03
   4.3000000e-01   4.4147929e-03   1.4049076e-03
   4.4000000e-01   4.8603306e-03   1.6428648e-03
   4.5000000e-01   5.1014141e-03   1.8067489e-03
   4.6000000e-01   5.7524313e-03   2.3267448e-03
   4.7000000e-01   6.3080963e-03   2.2510781e-03
   4.8000000e-01   7.2387471e-03   3.5740243e-03
   4.9000000e-01   7.8947126e-03   3.9580263e-03
   5.0000000e-01   1.9593191e-02   8.5409427e-02
   5.1000000e-01   1.3617933e-02   5.2217393e-02
   5.2000000e-01   2.0727213e-01   3.7080608e-01
   5.3000000e-01   6.1961316e-01   4.4832496e-01
   5.4000000e-01   9.6644286e-01   2.2003942e-03
   5.5000000e-01   9.7117119e-01   2.1824454e-03
   5.6000000e-01   9.7490823e-01   1.8401969e-03
   5.7000000e-01   9.7841762e-01   1.6943907e-03
   5.8000000e-01   9.8117431e-01   1.5706485e-03
   5.9000000e-01   9.8375107e-01   1.5269332e-03
   6.0000000e-01   9.8585979e-01   1.4010349e-03
   6.1000000e-01   9.8793046e-01   1.1796982e-03
   6.2000000e-01   9.8964926e-01   1.0924373e-03
   6.3000000e-01   9.9112503e-01   9.9857296e-04
   6.4000000e-01   9.9238753e-01   9.5907857e-04
   6.5000000e-01   9.9350144e-01   8.6523876e-04
   6.6000000e-01   9.9453636e-01   7.5716119e-04
   6.7000000e-01   9.9529799e-01   6.8329590e-04
   6.8000000e-01   9.9609307e-01   6.4699959e-04
   6.9000000e-01   9.9671312e-01   5.9222558e-04
   7.0000000e-01   9.9722482e-01   5.3023648e-04
   7.1000000e-01   9.9770329e-01   5.0582372e-04
   7.2000000e-01   9.9808451e-01   4.4821714e-04
   7.3000000e-01   9.9842247e-01   4.0500649e-04
   7.4000000e-01   9.9870642e-01   3.6034265e-04
   7.5000000e-01   9.9892141e-01   3.3093992e-04
   7.6000000e-01   9.9914819e-01   3.0571956e-04
   7.7000000e-01   9.9930926e-01   2.5978294e-04
   7.8000000e-01   9.9943373e-01   2.3776593e-04
   7.9000000e-01   9.9954930e-01   2.1755268e-04
   8.0000000e-01   9.9963580e-01   1.9477772e-04
   8.1000000e-01   9.9971083e-01   1.6795128e-04
   8.2000000e-01   9.9977938e-01   1.5263851e-04
   8.3000000e-01   9.9983257e-01   1.3176092e-04
   8.4000000e-01   9.9986150e-01   1.1953138e-04
   8.5000000e-01   9.9990310e-01   9.8490558e-05
   8.6000000e-01   9.9992092e-01   8.8660100e-05
   8.7000000e-01   9.9994166e-01   7.3399317e-05
   8.8000000e-01   9.9995240e-01   6.8221991e-05
   8.9000000e-01   9.9996454e-01   6.0558580e-05
   9.0000000e-01   9.9997622e-01   4.8495094e-05
   9.1000000e-01   9.9998312e-01   4.2224311e-05
   9.2000000e-01   9.9998651e-01   3.5308432e-05
   9.3000000e-01   9.9999251e-01   2.6703803e-05
   9.4000000e-01   9.9999421e-01   2.3363385e-05
   9.5000000e-01   9.9999570e-01   2.0276029e-05
   9.6000000e-01   9.9999710e-01   1.6772510e-05
   9.7000000e-01   9.9999800e-01   1.3993148e-05
   9.8000000e-01   9.9999940e-01   7.7188587e-06
   9.9000000e-01   9.9999940e-01   7.7188587e-06
   1.0000000e+00   9.9999910e-01   9.4393701e-06
