1 5 0.000100
1 6 0.000100
1 9 0.000100
1 11 0.000100
2 5 0.000300
2 7 0.000100
2 8 0.000100
2 9 0.000300
2 10 0.000300
2 11 0.000300
2 12 0.000400
2 13 0.000100
2 15 0.000100
2 17 0.000100
3 2 0.000100
3 4 0.000200
3 5 0.000100
3 6 0.000600
3 7 0.000800
3 8 0.001000
3 9 0.001200
3 10 0.000700
3 11 0.000600
3 12 0.000300
3 13 0.000700
3 14 0.000600
3 15 0.000200
3 16 0.000100
3 19 0.000100
4 2 0.000100
4 4 0.000300
4 5 0.000500
4 6 0.001100
4 7 0.001800
4 8 0.002100
4 9 0.002600
4 10 0.003200
4 11 0.002500
4 12 0.001600
4 13 0.001100
4 14 0.001600
4 15 0.000900
4 16 0.000300
4 17 0.000200
4 18 0.000200
4 19 0.000400
4 20 0.000200
5 2 0.000100
5 3 0.000300
5 4 0.000800
5 5 0.001700
5 6 0.001800
5 7 0.004000
5 8 0.003800
5 9 0.003300
5 10 0.005400
5 11 0.003700
5 12 0.003200
5 13 0.003100
5 14 0.001900
5 15 0.001300
5 16 0.000600
5 17 0.000200
5 18 0.000300
5 19 0.000100
5 20 0.000200
5 22 0.000100
6 1 0.000100
6 2 0.000200
6 3 0.000600
6 4 0.001200
6 5 0.002000
6 6 0.003600
6 7 0.005300
6 8 0.006800
6 9 0.008300
6 10 0.006300
6 11 0.008300
6 12 0.005500
6 13 0.005300
6 14 0.002800
6 15 0.001500
6 16 0.001400
6 17 0.000500
6 18 0.000200
6 19 0.000100
6 21 0.000100
7 2 0.000200
7 3 0.000400
7 4 0.001500
7 5 0.002000
7 6 0.006400
7 7 0.008000
7 8 0.009000
7 9 0.010200
7 10 0.012400
7 11 0.006300
7 12 0.008500
7 13 0.005500
7 14 0.004600
7 15 0.002600
7 16 0.001900
7 17 0.001000
7 18 0.000500
7 19 0.000300
7 20 0.000100
8 1 0.000200
8 2 0.000400
8 3 0.000800
8 4 0.002400
8 5 0.005000
8 6 0.008800
8 7 0.009600
8 8 0.012100
8 9 0.016900
8 10 0.014500
8 11 0.011700
8 12 0.010100
8 13 0.008600
8 14 0.006900
8 15 0.004300
8 16 0.002400
8 17 0.001400
8 18 0.000700
8 19 0.000200
8 20 0.000500
8 21 0.000200
9 2 0.000200
9 3 0.001500
9 4 0.002900
9 5 0.004800
9 6 0.008400
9 7 0.011500
9 8 0.014100
9 9 0.016300
9 10 0.015900
9 11 0.013300
9 12 0.012900
9 13 0.011000
9 14 0.007000
9 15 0.005100
9 16 0.002700
9 17 0.002000
9 18 0.000900
9 19 0.000300
9 20 0.000100
9 22 0.000100
10 2 0.000100
10 3 0.001000
10 4 0.003300
10 5 0.004700
10 6 0.006500
10 7 0.011700
10 8 0.013100
10 9 0.014800
10 10 0.014700
10 11 0.014300
10 12 0.011200
10 13 0.008200
10 14 0.005900
10 15 0.004400
10 16 0.003000
10 17 0.001700
10 18 0.000900
10 19 0.000400
10 22 0.000200
11 1 0.000200
11 2 0.000300
11 3 0.000700
11 4 0.002200
11 5 0.004500
11 6 0.007800
11 7 0.009700
11 8 0.013300
11 9 0.013600
11 10 0.013200
11 11 0.013400
11 12 0.009800
11 13 0.008100
11 14 0.007400
11 15 0.005500
11 16 0.002100
11 17 0.001900
11 18 0.001100
11 19 0.001000
11 20 0.000400
11 23 0.000100
12 1 0.000100
12 2 0.000300
12 3 0.000400
12 4 0.001700
12 5 0.003500
12 6 0.006400
12 7 0.007800
12 8 0.011100
12 9 0.012500
12 10 0.012000
12 11 0.010400
12 12 0.010600
12 13 0.006500
12 14 0.005800
12 15 0.003500
12 16 0.002300
12 17 0.001300
12 18 0.000600
12 19 0.000500
12 20 0.000100
13 2 0.000200
13 3 0.000700
13 4 0.001300
13 5 0.003200
13 6 0.003800
13 7 0.006600
13 8 0.007600
13 9 0.009400
13 10 0.008700
13 11 0.009600
13 12 0.008500
13 13 0.005100
13 14 0.003800
13 15 0.001900
13 16 0.002100
13 17 0.001500
13 18 0.000100
13 19 0.000700
13 20 0.000100
13 21 0.000200
14 3 0.000400
14 4 0.000700
14 5 0.002400
14 6 0.003000
14 7 0.005300
14 8 0.004900
14 9 0.006400
14 10 0.005700
14 11 0.004700
14 12 0.004100
14 13 0.003200
14 14 0.002100
14 15 0.002100
14 16 0.001700
14 17 0.000700
14 18 0.000700
14 19 0.000400
14 20 0.000100
14 21 0.000100
14 22 0.000100
15 3 0.000100
15 4 0.000600
15 5 0.001100
15 6 0.002000
15 7 0.003700
15 8 0.004000
15 9 0.003900
15 10 0.003700
15 11 0.005200
15 12 0.003300
15 13 0.002900
15 14 0.002100
15 15 0.000800
15 16 0.000700
15 17 0.000200
15 19 0.000200
15 20 0.000100
16 3 0.000300
16 4 0.000700
16 5 0.001100
16 6 0.000700
16 7 0.002300
16 8 0.001800
16 9 0.002200
16 10 0.003400
16 11 0.002500
16 12 0.001400
16 13 0.001500
16 14 0.001500
16 15 0.000400
16 16 0.000200
16 17 0.000200
17 3 0.000100
17 4 0.000200
17 5 0.000600
17 6 0.001900
17 7 0.002000
17 8 0.001600
17 9 0.001700
17 10 0.001400
17 11 0.001600
17 12 0.001400
17 13 0.001100
17 14 0.000700
17 15 0.000500
17 16 0.000200
17 17 0.000200
17 18 0.000300
17 19 0.000200
18 4 0.000100
18 6 0.000900
18 7 0.000500
18 8 0.000800
18 9 0.000700
18 10 0.001100
18 11 0.001100
18 12 0.000700
18 13 0.000400
18 14 0.000500
18 15 0.000200
18 16 0.000100
18 19 0.000100
19 2 0.000100
19 4 0.000100
19 5 0.000100
19 6 0.000200
19 7 0.000800
19 8 0.000300
19 9 0.000300
19 10 0.000300
19 11 0.000600
19 12 0.000400
19 13 0.000100
19 15 0.000100
19 17 0.000100
19 18 0.000100
20 2 0.000100
20 5 0.000200
20 6 0.000200
20 7 0.000300
20 8 0.000100
20 9 0.000400
20 10 0.000100
20 11 0.000500
20 13 0.000100
20 14 0.000200
20 15 0.000100
20 16 0.000100
21 4 0.000100
21 5 0.000100
21 6 0.000200
21 7 0.000100
21 8 0.000100
21 9 0.000100
21 13 0.000200
21 14 0.000100
22 6 0.000100
22 12 0.000100
22 13 0.000100
22 15 0.000200
23 9 0.000100
23 10 0.000200
