   0.0000000e+00   1.0000000e-03
   1.0000000e-02   1.3903743e-03
   2.0000000e-02   1.2727237e-03
   3.0000000e-02   1.2894852e-03
   4.0000000e-02   1.3148460e-03
   5.0000000e-02   1.3412048e-03
   6.0000000e-02   1.3690295e-03
   7.0000000e-02   1.3972856e-03
   8.0000000e-02   1.4276043e-03
   9.0000000e-02   1.4593693e-03
   1.0000000e-01   1.4926750e-03
   1.1000000e-01   1.5250077e-03
   1.2000000e-01   1.5602322e-03
   1.3000000e-01   1.5971861e-03
   1.4000000e-01   1.6359938e-03
   1.5000000e-01   1.6769751e-03
   1.6000000e-01   1.7198848e-03
   1.7000000e-01   1.7651386e-03
   1.8000000e-01   1.8129042e-03
   1.9000000e-01   1.8634150e-03
   2.0000000e-01   1.9169343e-03
   2.1000000e-01   1.9737249e-03
   2.2000000e-01   2.0344322e-03
   2.3000000e-01   2.0987098e-03
   2.4000000e-01   2.1673055e-03
   2.5000000e-01   2.2406798e-03
   2.6000000e-01   2.3193848e-03
   2.7000000e-01   2.4040179e-03
   2.8000000e-01   2.4953305e-03
   2.9000000e-01   2.5941196e-03
   3.0000000e-01   2.7013575e-03
   3.1000000e-01   2.8182066e-03
   3.2000000e-01   2.9460052e-03
   3.3000000e-01   3.0913577e-03
   3.4000000e-01   3.2485043e-03
   3.5000000e-01   3.4228531e-03
   3.6000000e-01   3.6174867e-03
   3.7000000e-01   3.8364791e-03
   3.8000000e-01   4.0842941e-03
   3.9000000e-01   4.3675957e-03
   4.0000000e-01   4.6948552e-03
   4.1000000e-01   5.0775615e-03
   4.2000000e-01   5.5317287e-03
   4.3000000e-01   6.0805134e-03
   4.4000000e-01   6.7589179e-03
   4.5000000e-01   7.6229905e-03
   4.6000000e-01   8.7696620e-03
   4.7000000e-01   1.0390865e-02
   4.8000000e-01   1.2931361e-02
   4.9000000e-01   1.7950140e-02
   5.0000000e-01   4.2102339e-02
   5.1000000e-01   9.2516134e-01
   5.2000000e-01   9.3480479e-01
   5.3000000e-01   9.4316025e-01
   5.4000000e-01   9.5042337e-01
   5.5000000e-01   9.5675307e-01
   5.6000000e-01   9.6228026e-01
   5.7000000e-01   9.6711398e-01
   5.8000000e-01   9.7134591e-01
   5.9000000e-01   9.7505376e-01
   6.0000000e-01   9.7830387e-01
   6.1000000e-01   9.8115323e-01
   6.2000000e-01   9.8365101e-01
   6.3000000e-01   9.8583988e-01
   6.4000000e-01   9.8775699e-01
   6.5000000e-01   9.8943480e-01
   6.6000000e-01   9.9090176e-01
   6.7000000e-01   9.9218286e-01
   6.8000000e-01   9.9330013e-01
   6.9000000e-01   9.9427300e-01
   7.0000000e-01   9.9511864e-01
   7.1000000e-01   9.9585226e-01
   7.2000000e-01   9.9648730e-01
   7.3000000e-01   9.9703572e-01
   7.4000000e-01   9.9750807e-01
   7.5000000e-01   9.9791382e-01
   7.6000000e-01   9.9826123e-01
   7.7000000e-01   9.9855771e-01
   7.8000000e-01   9.9880980e-01
   7.9000000e-01   9.9902333e-01
   8.0000000e-01   9.9920341e-01
   8.1000000e-01   9.9935459e-01
   8.2000000e-01   9.9948082e-01
   8.3000000e-01   9.9958572e-01
   8.4000000e-01   9.9967230e-01
   8.5000000e-01   9.9974333e-01
   8.6000000e-01   9.9980115e-01
   8.7000000e-01   9.9984785e-01
   8.8000000e-01   9.9988521e-01
   8.9000000e-01   9.9991481e-01
   9.0000000e-01   9.9993797e-01
   9.1000000e-01   9.9995585e-01
   9.2000000e-01   9.9996943e-01
   9.3000000e-01   9.9997955e-01
   9.4000000e-01   9.9998692e-01
   9.5000000e-01   9.9999211e-01
   9.6000000e-01   9.9999563e-01
   9.7000000e-01   9.9999788e-01
   9.8000000e-01   9.9999919e-01
   9.9000000e-01   9.9999983e-01
   1.0000000e+00   1.0000000e+00
