   0.0000000e+00   1.0000000e-03
   1.0000000e-02   1.4082490e-03
   2.0000000e-02   1.4621461e-03
   3.0000000e-02   1.5204124e-03
   4.0000000e-02   1.5822500e-03
   5.0000000e-02   1.6496170e-03
   6.0000000e-02   1.7233344e-03
   7.0000000e-02   1.8043292e-03
   8.0000000e-02   1.8937165e-03
   9.0000000e-02   1.9928497e-03
   1.0000000e-01   2.1033881e-03
   1.1000000e-01   2.2273880e-03
   1.2000000e-01   2.3674293e-03
   1.3000000e-01   2.5267928e-03
   1.4000000e-01   2.7097159e-03
   1.5000000e-01   2.9217681e-03
   1.6000000e-01   3.1704198e-03
   1.7000000e-01   3.4659292e-03
   1.8000000e-01   3.8227795e-03
   1.9000000e-01   4.2621088e-03
   2.0000000e-01   4.8160441e-03
   2.1000000e-01   5.5359486e-03
   2.2000000e-01   6.5094745e-03
   2.3000000e-01   7.8998992e-03
   2.4000000e-01   1.0051889e-02
   2.5000000e-01   1.3850682e-02
   2.6000000e-01   2.2548150e-02
   2.7000000e-01   6.2773931e-02
   2.8000000e-01   4.6854367e-01
   2.9000000e-01   5.8751602e-01
   3.0000000e-01   6.5839963e-01
   3.1000000e-01   7.1246527e-01
   3.2000000e-01   7.5548856e-01
   3.3000000e-01   7.9059629e-01
   3.4000000e-01   8.1972971e-01
   3.5000000e-01   8.4419808e-01
   3.6000000e-01   8.6493507e-01
   3.7000000e-01   8.8263361e-01
   3.8000000e-01   8.9782353e-01
   3.9000000e-01   9.1091945e-01
   4.0000000e-01   9.2225181e-01
   4.1000000e-01   9.3208794e-01
   4.2000000e-01   9.4064683e-01
   4.3000000e-01   9.4810971e-01
   4.4000000e-01   9.5462793e-01
   4.5000000e-01   9.6032885e-01
   4.6000000e-01   9.6532033e-01
   4.7000000e-01   9.6969429e-01
   4.8000000e-01   9.7352944e-01
   4.9000000e-01   9.7689351e-01
   5.0000000e-01   9.7984498e-01
   5.1000000e-01   9.8243456e-01
   5.2000000e-01   9.8470633e-01
   5.3000000e-01   9.8669874e-01
   5.4000000e-01   9.8844541e-01
   5.5000000e-01   9.8997579e-01
   5.6000000e-01   9.9131573e-01
   5.7000000e-01   9.9248796e-01
   5.8000000e-01   9.9351247e-01
   5.9000000e-01   9.9440699e-01
   6.0000000e-01   9.9518701e-01
   6.1000000e-01   9.9586632e-01
   6.2000000e-01   9.9645708e-01
   6.3000000e-01   9.9697003e-01
   6.4000000e-01   9.9741471e-01
   6.5000000e-01   9.9779941e-01
   6.6000000e-01   9.9813172e-01
   6.7000000e-01   9.9841810e-01
   6.8000000e-01   9.9866438e-01
   6.9000000e-01   9.9887566e-01
   7.0000000e-01   9.9905657e-01
   7.1000000e-01   9.9921101e-01
   7.2000000e-01   9.9934249e-01
   7.3000000e-01   9.9945411e-01
   7.4000000e-01   9.9954855e-01
   7.5000000e-01   9.9962826e-01
   7.6000000e-01   9.9969528e-01
   7.7000000e-01   9.9975137e-01
   7.8000000e-01   9.9979820e-01
   7.9000000e-01   9.9983711e-01
   8.0000000e-01   9.9986930e-01
   8.1000000e-01   9.9989579e-01
   8.2000000e-01   9.9991750e-01
   8.3000000e-01   9.9993519e-01
   8.4000000e-01   9.9994952e-01
   8.5000000e-01   9.9996105e-01
   8.6000000e-01   9.9997026e-01
   8.7000000e-01   9.9997755e-01
   8.8000000e-01   9.9998329e-01
   8.9000000e-01   9.9998775e-01
   9.0000000e-01   9.9999119e-01
   9.1000000e-01   9.9999380e-01
   9.2000000e-01   9.9999575e-01
   9.3000000e-01   9.9999718e-01
   9.4000000e-01   9.9999821e-01
   9.5000000e-01   9.9999893e-01
   9.6000000e-01   9.9999941e-01
   9.7000000e-01   9.9999971e-01
   9.8000000e-01   9.9999989e-01
   9.9000000e-01   9.9999998e-01
   1.0000000e+00   1.0000000e+00
