   0.0000000e+00   1.8807910e-31
   1.0000000e-02   1.7355861e-03
   2.0000000e-02   4.1792269e-03
   3.0000000e-02   5.9550745e-03
   4.0000000e-02   8.0629568e-03
   5.0000000e-02   1.0095715e-02
   6.0000000e-02   8.1121298e-03
   7.0000000e-02   1.3005104e-02
   8.0000000e-02   1.2118429e-02
   9.0000000e-02   1.5253241e-02
   1.0000000e-01   1.3685286e-02
   1.1000000e-01   1.6929048e-02
   1.2000000e-01   1.9455330e-02
   1.3000000e-01   1.9223218e-02
   1.4000000e-01   2.1099279e-02
   1.5000000e-01   2.3098199e-02
   1.6000000e-01   2.7075585e-02
   1.7000000e-01   2.5570010e-02
   1.8000000e-01   2.9534878e-02
   1.9000000e-01   3.2494114e-02
   2.0000000e-01   3.2884720e-02
   2.1000000e-01   3.3920756e-02
   2.2000000e-01   3.7010393e-02
   2.3000000e-01   3.9538889e-02
   2.4000000e-01   4.4212804e-02
   2.5000000e-01   4.4902724e-02
   2.6000000e-01   4.8320019e-02
   2.7000000e-01   5.6913235e-02
   2.8000000e-01   6.1976089e-02
   2.9000000e-01   6.2413959e-02
   3.0000000e-01   6.9691891e-02
   3.1000000e-01   6.2670619e-02
   3.2000000e-01   6.7971359e-02
   3.3000000e-01   7.6807381e-02
   3.4000000e-01   8.1617887e-02
   3.5000000e-01   8.9589827e-02
   3.6000000e-01   9.1964556e-02
   3.7000000e-01   1.0978930e-01
   3.8000000e-01   1.2458589e-01
   3.9000000e-01   1.3805717e-01
   4.0000000e-01   1.4991795e-01
   4.1000000e-01   1.5106743e-01
   4.2000000e-01   1.6542384e-01
   4.3000000e-01   1.7007499e-01
   4.4000000e-01   2.2175112e-01
   4.5000000e-01   3.5127231e-01
   4.6000000e-01   9.3813223e+00
   4.7000000e-01   7.3376357e+00
   4.8000000e-01   1.0475767e+00
   4.9000000e-01   2.7061498e-05
   5.0000000e-01   3.0546101e-05
   5.1000000e-01   1.7683222e-05
   5.2000000e-01   1.6518635e-05
   5.3000000e-01   1.0993891e-05
   5.4000000e-01   9.4448511e-06
   5.5000000e-01   7.6621631e-06
   5.6000000e-01   6.1843431e-06
   5.7000000e-01   5.3612954e-06
   5.8000000e-01   4.7507342e-06
   5.9000000e-01   3.4331109e-06
   6.0000000e-01   3.2215677e-06
   6.1000000e-01   2.3753865e-06
   6.2000000e-01   2.2358286e-06
   6.3000000e-01   1.8046810e-06
   6.4000000e-01   1.4851017e-06
   6.5000000e-01   1.3200768e-06
   6.6000000e-01   1.0351247e-06
   6.7000000e-01   1.0661169e-06
   6.8000000e-01   7.9215032e-07
   6.9000000e-01   6.2744909e-07
   7.0000000e-01   5.3704105e-07
   7.1000000e-01   4.7189553e-07
   7.2000000e-01   3.7590943e-07
   7.3000000e-01   3.3424981e-07
   7.4000000e-01   2.9175034e-07
   7.5000000e-01   2.1731312e-07
   7.6000000e-01   1.8058437e-07
   7.7000000e-01   1.5325720e-07
   7.8000000e-01   1.2219765e-07
   7.9000000e-01   9.9880546e-08
   8.0000000e-01   7.8982978e-08
   8.1000000e-01   6.3729347e-08
   8.2000000e-01   5.5866093e-08
   8.3000000e-01   4.2714317e-08
   8.4000000e-01   3.3761371e-08
   8.5000000e-01   2.4812300e-08
   8.6000000e-01   1.9944875e-08
   8.7000000e-01   1.3532841e-08
   8.8000000e-01   1.0858469e-08
   8.9000000e-01   9.3211792e-09
   9.0000000e-01   6.2037402e-09
   9.1000000e-01   4.4501792e-09
   9.2000000e-01   2.9019851e-09
   9.3000000e-01   1.6674841e-09
   9.4000000e-01   1.3772203e-09
   9.5000000e-01   6.7581662e-10
   9.6000000e-01   4.4932495e-10
   9.7000000e-01   1.5788452e-10
   9.8000000e-01   6.9441146e-11
   9.9000000e-01   9.9800320e-12
   1.0000000e+00   0.0000000e+00
