   0.0000000e+00   1.0000000e-03   4.3368087e-19
   1.0000000e-02   1.0183816e-03   4.2426150e-05
   2.0000000e-02   1.0425574e-03   6.7398149e-05
   3.0000000e-02   1.0601399e-03   8.1810070e-05
   4.0000000e-02   1.0865135e-03   9.7562358e-05
   5.0000000e-02   1.1038961e-03   1.1091665e-04
   6.0000000e-02   1.1829882e-03   1.0654862e-04
   7.0000000e-02   1.2122783e-03   1.3824813e-04
   8.0000000e-02   1.2330519e-03   1.3573896e-04
   9.0000000e-02   1.3412541e-03   1.6565027e-04
   1.0000000e-01   1.3385233e-03   1.5658598e-04
   1.1000000e-01   1.3729730e-03   1.7863981e-04
   1.2000000e-01   1.3980583e-03   1.9500447e-04
   1.3000000e-01   1.4919658e-03   2.0685781e-04
   1.4000000e-01   1.5191888e-03   2.2067114e-04
   1.5000000e-01   1.5381166e-03   2.3376437e-04
   1.6000000e-01   1.6526690e-03   2.7194108e-04
   1.7000000e-01   1.6676948e-03   2.6667483e-04
   1.8000000e-01   1.7148092e-03   2.9470221e-04
   1.9000000e-01   1.8149550e-03   3.2716603e-04
   2.0000000e-01   1.8679181e-03   3.3873097e-04
   2.1000000e-01   1.9690875e-03   3.6265844e-04
   2.2000000e-01   2.0056838e-03   3.8585517e-04
   2.3000000e-01   2.1296099e-03   4.2345990e-04
   2.4000000e-01   2.1727915e-03   4.5686942e-04
   2.5000000e-01   2.3274510e-03   4.9319298e-04
   2.6000000e-01   2.3559441e-03   5.1787927e-04
   2.7000000e-01   2.5018998e-03   5.9686560e-04
   2.8000000e-01   2.6265306e-03   6.5387473e-04
   2.9000000e-01   2.6678883e-03   6.6651282e-04
   3.0000000e-01   2.9621032e-03   7.8197218e-04
   3.1000000e-01   3.0188235e-03   7.5573532e-04
   3.2000000e-01   3.1345588e-03   8.1722078e-04
   3.3000000e-01   3.4684720e-03   9.6125733e-04
   3.4000000e-01   3.7071429e-03   1.0590879e-03
   3.5000000e-01   3.8678776e-03   1.1577161e-03
   3.6000000e-01   4.0357564e-03   1.2238697e-03
   3.7000000e-01   4.4558045e-03   1.4764071e-03
   3.8000000e-01   4.9757829e-03   1.7562885e-03
   3.9000000e-01   5.4600000e-03   2.0287201e-03
   4.0000000e-01   5.8201271e-03   2.2535089e-03
   4.1000000e-01   6.8286697e-03   2.6541259e-03
   4.2000000e-01   7.1764835e-03   2.9188431e-03
   4.3000000e-01   8.0991071e-03   3.3400838e-03
   4.4000000e-01   9.8080097e-03   4.6186367e-03
   4.5000000e-01   1.1548694e-02   6.8447063e-03
   4.6000000e-01   2.2865972e-02   7.0036059e-02
   4.7000000e-01   7.1521605e-02   1.9373823e-01
   4.8000000e-01   4.0489559e-01   4.1441547e-01
   4.9000000e-01   9.0235052e-01   4.6940876e-03
   5.0000000e-01   9.1377571e-01   5.0503038e-03
   5.1000000e-01   9.2534589e-01   3.8912111e-03
   5.2000000e-01   9.3484739e-01   3.7995118e-03
   5.3000000e-01   9.4312605e-01   3.1271266e-03
   5.4000000e-01   9.5034672e-01   2.9206508e-03
   5.5000000e-01   9.5680575e-01   2.6484969e-03
   5.6000000e-01   9.6240578e-01   2.3933434e-03
   5.7000000e-01   9.6709589e-01   2.2392594e-03
   5.8000000e-01   9.7130080e-01   2.1170646e-03
   5.9000000e-01   9.7509151e-01   1.8067135e-03
   6.0000000e-01   9.7833749e-01   1.7559912e-03
   6.1000000e-01   9.8122193e-01   1.5122876e-03
   6.2000000e-01   9.8369146e-01   1.4708831e-03
   6.3000000e-01   9.8580132e-01   1.3243099e-03
   6.4000000e-01   9.8780684e-01   1.2037883e-03
   6.5000000e-01   9.8944904e-01   1.1368235e-03
   6.6000000e-01   9.9093032e-01   1.0081832e-03
   6.7000000e-01   9.9214234e-01   1.0244161e-03
   6.8000000e-01   9.9334605e-01   8.8410606e-04
   6.9000000e-01   9.9431145e-01   7.8761084e-04
   7.0000000e-01   9.9509497e-01   7.2923629e-04
   7.1000000e-01   9.9589890e-01   6.8412929e-04
   7.2000000e-01   9.9654950e-01   6.1099898e-04
   7.3000000e-01   9.9704134e-01   5.7643289e-04
   7.4000000e-01   9.9750490e-01   5.3879148e-04
   7.5000000e-01   9.9791141e-01   4.6519492e-04
   7.6000000e-01   9.9826350e-01   4.2421427e-04
   7.7000000e-01   9.9856763e-01   3.9092003e-04
   7.8000000e-01   9.9880719e-01   3.4915083e-04
   7.9000000e-01   9.9902517e-01   3.1573075e-04
   8.0000000e-01   9.9919780e-01   2.8081365e-04
   8.1000000e-01   9.9935954e-01   2.5228504e-04
   8.2000000e-01   9.9947143e-01   2.3623516e-04
   8.3000000e-01   9.9957760e-01   2.0658712e-04
   8.4000000e-01   9.9967023e-01   1.8368208e-04
   8.5000000e-01   9.9974116e-01   1.5747843e-04
   8.6000000e-01   9.9979820e-01   1.4119783e-04
   8.7000000e-01   9.9984955e-01   1.1631324e-04
   8.8000000e-01   9.9988891e-01   1.0419240e-04
   8.9000000e-01   9.9991269e-01   9.6537825e-05
   9.0000000e-01   9.9993936e-01   7.8759049e-05
   9.1000000e-01   9.9995694e-01   6.6706791e-05
   9.2000000e-01   9.9997043e-01   5.3868483e-05
   9.3000000e-01   9.9998182e-01   4.0834097e-05
   9.4000000e-01   9.9998691e-01   3.7110433e-05
   9.5000000e-01   9.9999341e-01   2.5996302e-05
   9.6000000e-01   9.9999550e-01   2.1197191e-05
   9.7000000e-01   9.9999860e-01   1.2565193e-05
   9.8000000e-01   9.9999930e-01   8.3331296e-06
   9.9000000e-01   9.9999990e-01   3.1591185e-06
   1.0000000e+00   1.0000000e+00   0.0000000e+00
