   0.0000000e+00   1.8807910e-31
   1.0000000e-02   1.4885887e-03
   2.0000000e-02   3.1746936e-03
   3.0000000e-02   5.2607307e-03
   4.0000000e-02   9.2561355e-03
   5.0000000e-02   8.7670711e-03
   6.0000000e-02   8.1980729e-03
   7.0000000e-02   1.0656464e-02
   8.0000000e-02   1.1357705e-02
   9.0000000e-02   1.3639787e-02
   1.0000000e-01   1.5929919e-02
   1.1000000e-01   1.3504608e-02
   1.2000000e-01   1.8229802e-02
   1.3000000e-01   1.9845831e-02
   1.4000000e-01   2.2882670e-02
   1.5000000e-01   2.2777298e-02
   1.6000000e-01   2.5467610e-02
   1.7000000e-01   2.3528626e-02
   1.8000000e-01   2.6721208e-02
   1.9000000e-01   2.2110330e-02
   2.0000000e-01   2.5821983e-02
   2.1000000e-01   3.1733027e-02
   2.2000000e-01   2.6697165e-02
   2.3000000e-01   3.6895424e-02
   2.4000000e-01   3.6263701e-02
   2.5000000e-01   3.8353679e-02
   2.6000000e-01   3.9975604e-02
   2.7000000e-01   4.0337821e-02
   2.8000000e-01   4.4808179e-02
   2.9000000e-01   4.7745867e-02
   3.0000000e-01   4.6688642e-02
   3.1000000e-01   4.8741817e-02
   3.2000000e-01   6.5440220e-02
   3.3000000e-01   5.7033570e-02
   3.4000000e-01   6.3846164e-02
   3.5000000e-01   6.5025598e-02
   3.6000000e-01   6.6546032e-02
   3.7000000e-01   6.5400173e-02
   3.8000000e-01   9.8478187e-02
   3.9000000e-01   8.0071158e-02
   4.0000000e-01   9.7894527e-02
   4.1000000e-01   1.1786118e-01
   4.2000000e-01   9.9247515e-02
   4.3000000e-01   1.1243834e-01
   4.4000000e-01   1.1076551e-01
   4.5000000e-01   1.5269370e-01
   4.6000000e-01   1.4238154e-01
   4.7000000e-01   1.4844683e-01
   4.8000000e-01   1.6797436e-01
   4.9000000e-01   2.3130008e-01
   5.0000000e-01   3.0181903e-01
   5.1000000e-01   1.0592704e+01
   5.2000000e-01   1.2536661e+01
   5.3000000e-01   5.0873221e+00
   5.4000000e-01   4.1333358e-01
   5.5000000e-01   1.1971686e-02
   5.6000000e-01   1.2329784e-05
   5.7000000e-01   8.8058355e-06
   5.8000000e-01   8.0803644e-06
   5.9000000e-01   6.7232666e-06
   6.0000000e-01   4.7406838e-06
   6.1000000e-01   4.0016636e-06
   6.2000000e-01   3.3720700e-06
   6.3000000e-01   2.7810298e-06
   6.4000000e-01   2.4523310e-06
   6.5000000e-01   2.0893784e-06
   6.6000000e-01   1.7079378e-06
   6.7000000e-01   1.4537443e-06
   6.8000000e-01   1.1574679e-06
   6.9000000e-01   9.1146610e-07
   7.0000000e-01   8.0760478e-07
   7.1000000e-01   6.5466790e-07
   7.2000000e-01   5.4839017e-07
   7.3000000e-01   5.0358767e-07
   7.4000000e-01   3.8186620e-07
   7.5000000e-01   3.2731489e-07
   7.6000000e-01   2.8339127e-07
   7.7000000e-01   2.3077309e-07
   7.8000000e-01   1.7707363e-07
   7.9000000e-01   1.5130766e-07
   8.0000000e-01   1.2148638e-07
   8.1000000e-01   1.0010480e-07
   8.2000000e-01   8.1585445e-08
   8.3000000e-01   6.7733611e-08
   8.4000000e-01   5.3330151e-08
   8.5000000e-01   3.8162705e-08
   8.6000000e-01   3.1997489e-08
   8.7000000e-01   2.3420856e-08
   8.8000000e-01   1.8701575e-08
   8.9000000e-01   1.3490918e-08
   9.0000000e-01   9.4315152e-09
   9.1000000e-01   6.7111142e-09
   9.2000000e-01   4.7355031e-09
   9.3000000e-01   3.2092961e-09
   9.4000000e-01   1.9160400e-09
   9.5000000e-01   1.0968105e-09
   9.6000000e-01   7.8873501e-10
   9.7000000e-01   3.0129885e-10
   9.8000000e-01   1.4760509e-10
   9.9000000e-01   0.0000000e+00
   1.0000000e+00   0.0000000e+00
