   0.0000000e+00   1.8807910e-31
   1.0000000e-02   5.7647807e-03
   2.0000000e-02   9.2819152e-03
   3.0000000e-02   1.7106278e-02
   4.0000000e-02   2.3303712e-02
   5.0000000e-02   2.3754217e-02
   6.0000000e-02   2.8381056e-02
   7.0000000e-02   3.5868477e-02
   8.0000000e-02   4.4068903e-02
   9.0000000e-02   5.9468115e-02
   1.0000000e-01   7.1453539e-02
   1.1000000e-01   6.8070288e-02
   1.2000000e-01   9.5902470e-02
   1.3000000e-01   1.2828808e-01
   1.4000000e-01   1.6295594e-01
   1.5000000e-01   2.1398342e-01
   1.6000000e-01   2.9308480e-01
   1.7000000e-01   3.0521667e-01
   1.8000000e-01   1.3793912e-01
   1.9000000e-01   2.7013812e-02
   2.0000000e-01   6.8838631e-03
   2.1000000e-01   2.5887704e-03
   2.2000000e-01   1.3118640e-03
   2.3000000e-01   6.6072534e-04
   2.4000000e-01   3.6878748e-04
   2.5000000e-01   2.4038364e-04
   2.6000000e-01   1.6040011e-04
   2.7000000e-01   1.0925240e-04
   2.8000000e-01   8.2737961e-05
   2.9000000e-01   6.0941919e-05
   3.0000000e-01   4.8171362e-05
   3.1000000e-01   3.6580619e-05
   3.2000000e-01   2.7319517e-05
   3.3000000e-01   2.2324506e-05
   3.4000000e-01   1.7967388e-05
   3.5000000e-01   1.4796622e-05
   3.6000000e-01   1.2951640e-05
   3.7000000e-01   9.7245798e-06
   3.8000000e-01   8.0455231e-06
   3.9000000e-01   7.0995291e-06
   4.0000000e-01   6.4917728e-06
   4.1000000e-01   4.9717572e-06
   4.2000000e-01   4.0678799e-06
   4.3000000e-01   3.5803417e-06
   4.4000000e-01   3.0648147e-06
   4.5000000e-01   2.8657531e-06
   4.6000000e-01   2.3093722e-06
   4.7000000e-01   1.8660775e-06
   4.8000000e-01   1.6632191e-06
   4.9000000e-01   1.3907664e-06
   5.0000000e-01   1.2512831e-06
   5.1000000e-01   9.8911636e-07
   5.2000000e-01   9.2223321e-07
   5.3000000e-01   7.5877686e-07
   5.4000000e-01   6.6368552e-07
   5.5000000e-01   5.7139303e-07
   5.6000000e-01   4.7984638e-07
   5.7000000e-01   4.0052577e-07
   5.8000000e-01   3.7730284e-07
   5.9000000e-01   3.1619763e-07
   6.0000000e-01   2.5293643e-07
   6.1000000e-01   2.3753185e-07
   6.2000000e-01   1.9018536e-07
   6.3000000e-01   1.6261101e-07
   6.4000000e-01   1.3868040e-07
   6.5000000e-01   1.2440665e-07
   6.6000000e-01   1.0038245e-07
   6.7000000e-01   8.6444432e-08
   6.8000000e-01   7.0638392e-08
   6.9000000e-01   6.1933643e-08
   7.0000000e-01   5.3346471e-08
   7.1000000e-01   4.4186664e-08
   7.2000000e-01   3.5136108e-08
   7.3000000e-01   3.0516807e-08
   7.4000000e-01   2.4641351e-08
   7.5000000e-01   2.1755869e-08
   7.6000000e-01   1.6776609e-08
   7.7000000e-01   1.3690933e-08
   7.8000000e-01   1.1159308e-08
   7.9000000e-01   9.4243636e-09
   8.0000000e-01   8.0596235e-09
   8.1000000e-01   5.8290812e-09
   8.2000000e-01   4.5142208e-09
   8.3000000e-01   3.6915474e-09
   8.4000000e-01   2.6459458e-09
   8.5000000e-01   2.2374401e-09
   8.6000000e-01   1.6697746e-09
   8.7000000e-01   1.3139466e-09
   8.8000000e-01   8.5003423e-10
   8.9000000e-01   7.0174550e-10
   9.0000000e-01   4.6930515e-10
   9.1000000e-01   3.4670873e-10
   9.2000000e-01   1.6694651e-10
   9.3000000e-01   2.1578907e-10
   9.4000000e-01   5.9580850e-11
   9.5000000e-01   7.9281485e-11
   9.6000000e-01   1.9940108e-11
   9.7000000e-01   1.9940108e-11
   9.8000000e-01   0.0000000e+00
   9.9000000e-01   0.0000000e+00
   1.0000000e+00   0.0000000e+00
