   0.0000000e+00   1.0000000e-03
   1.0000000e-02   1.0696172e-03
   2.0000000e-02   1.0661237e-03
   3.0000000e-02   1.1021531e-03
   4.0000000e-02   1.1406928e-03
   5.0000000e-02   1.1818630e-03
   6.0000000e-02   1.2259404e-03
   7.0000000e-02   1.2732444e-03
   8.0000000e-02   1.3241429e-03
   9.0000000e-02   1.3790621e-03
   1.0000000e-01   1.4384984e-03
   1.1000000e-01   1.5030335e-03
   1.2000000e-01   1.5733535e-03
   1.3000000e-01   1.6502734e-03
   1.4000000e-01   1.7347693e-03
   1.5000000e-01   1.8280196e-03
   1.6000000e-01   1.9314611e-03
   1.7000000e-01   2.0468637e-03
   1.8000000e-01   2.1764328e-03
   1.9000000e-01   2.3229529e-03
   2.0000000e-01   2.4899906e-03
   2.1000000e-01   2.6821916e-03
   2.2000000e-01   2.9057230e-03
   2.3000000e-01   3.1689538e-03
   2.4000000e-01   3.4835383e-03
   2.5000000e-01   3.8662133e-03
   2.6000000e-01   4.3419256e-03
   2.7000000e-01   4.9496174e-03
   2.8000000e-01   5.7537620e-03
   2.9000000e-01   6.8697636e-03
   3.0000000e-01   8.5280216e-03
   3.1000000e-01   1.1271306e-02
   3.2000000e-01   1.6793020e-02
   3.3000000e-01   3.4279508e-02
   3.4000000e-01   2.6447363e-01
   3.5000000e-01   6.1069409e-01
   3.6000000e-01   6.7154605e-01
   3.7000000e-01   7.1888017e-01
   3.8000000e-01   7.5728085e-01
   3.9000000e-01   7.8915491e-01
   4.0000000e-01   8.1602286e-01
   4.1000000e-01   8.3892398e-01
   4.2000000e-01   8.5860797e-01
   4.3000000e-01   8.7563723e-01
   4.4000000e-01   8.9044621e-01
   4.5000000e-01   9.0337835e-01
   4.6000000e-01   9.1471016e-01
   4.7000000e-01   9.2466759e-01
   4.8000000e-01   9.3343760e-01
   4.9000000e-01   9.4117649e-01
   5.0000000e-01   9.4801611e-01
   5.1000000e-01   9.5406852e-01
   5.2000000e-01   9.5942962e-01
   5.3000000e-01   9.6418195e-01
   5.4000000e-01   9.6839690e-01
   5.5000000e-01   9.7213655e-01
   5.6000000e-01   9.7545503e-01
   5.7000000e-01   9.7839979e-01
   5.8000000e-01   9.8101248e-01
   5.9000000e-01   9.8332985e-01
   6.0000000e-01   9.8538433e-01
   6.1000000e-01   9.8720465e-01
   6.2000000e-01   9.8881632e-01
   6.3000000e-01   9.9024202e-01
   6.4000000e-01   9.9150192e-01
   6.5000000e-01   9.9261404e-01
   6.6000000e-01   9.9359452e-01
   6.7000000e-01   9.9445753e-01
   6.8000000e-01   9.9521613e-01
   6.9000000e-01   9.9588175e-01
   7.0000000e-01   9.9646472e-01
   7.1000000e-01   9.9697426e-01
   7.2000000e-01   9.9741878e-01
   7.3000000e-01   9.9780533e-01
   7.4000000e-01   9.9814091e-01
   7.5000000e-01   9.9843137e-01
   7.6000000e-01   9.9868203e-01
   7.7000000e-01   9.9889765e-01
   7.8000000e-01   9.9908252e-01
   7.9000000e-01   9.9924042e-01
   8.0000000e-01   9.9937476e-01
   8.1000000e-01   9.9948855e-01
   8.2000000e-01   9.9958452e-01
   8.3000000e-01   9.9966501e-01
   8.4000000e-01   9.9973214e-01
   8.5000000e-01   9.9978782e-01
   8.6000000e-01   9.9983367e-01
   8.7000000e-01   9.9987113e-01
   8.8000000e-01   9.9990151e-01
   8.9000000e-01   9.9992589e-01
   9.0000000e-01   9.9994525e-01
   9.1000000e-01   9.9996043e-01
   9.2000000e-01   9.9997215e-01
   9.3000000e-01   9.9998105e-01
   9.4000000e-01   9.9998765e-01
   9.5000000e-01   9.9999241e-01
   9.6000000e-01   9.9999571e-01
   9.7000000e-01   9.9999787e-01
   9.8000000e-01   9.9999917e-01
   9.9000000e-01   9.9999982e-01
   1.0000000e+00   1.0000000e+00
