   0.0000000e+00   1.0000000e-03   4.3368087e-19
   1.0000000e-02   1.0379620e-03   6.4290818e-05
   2.0000000e-02   1.0796204e-03   9.7850299e-05
   3.0000000e-02   1.1856934e-03   1.1436780e-04
   4.0000000e-02   1.2250000e-03   1.3928388e-04
   5.0000000e-02   1.3371901e-03   1.5305821e-04
   6.0000000e-02   1.3949509e-03   2.0161279e-04
   7.0000000e-02   1.5123153e-03   2.2127276e-04
   8.0000000e-02   1.5471780e-03   2.5349082e-04
   9.0000000e-02   1.6772213e-03   2.7703957e-04
   1.0000000e-01   1.8344291e-03   3.2182670e-04
   1.1000000e-01   1.9745098e-03   3.8433100e-04
   1.2000000e-01   2.1449814e-03   4.4619717e-04
   1.3000000e-01   2.2985637e-03   5.1417754e-04
   1.4000000e-01   2.4850719e-03   5.5058193e-04
   1.5000000e-01   2.8133710e-03   6.8143952e-04
   1.6000000e-01   2.9705373e-03   7.5508574e-04
   1.7000000e-01   3.4889513e-03   9.8006804e-04
   1.8000000e-01   3.8982249e-03   1.1642000e-03
   1.9000000e-01   4.3378000e-03   1.2505803e-03
   2.0000000e-01   5.1709544e-03   1.7445430e-03
   2.1000000e-01   6.0038136e-03   2.2487064e-03
   2.2000000e-01   7.6702765e-03   3.4823408e-03
   2.3000000e-01   9.8876147e-03   5.0153419e-03
   2.4000000e-01   1.2415865e-02   6.2287553e-03
   2.5000000e-01   2.4294253e-02   1.6741533e-02
   2.6000000e-01   5.0766894e-02   4.4850503e-02
   2.7000000e-01   2.6546018e-01   1.3190188e-01
   2.8000000e-01   4.9700000e-01   4.4620281e-02
   2.9000000e-01   5.9461905e-01   2.2518469e-02
   3.0000000e-01   6.6280163e-01   1.7047919e-02
   3.1000000e-01   7.1552789e-01   1.3375058e-02
   3.2000000e-01   7.5751539e-01   1.0998992e-02
   3.3000000e-01   7.9160935e-01   9.3360518e-03
   3.4000000e-01   8.2070476e-01   7.6447071e-03
   3.5000000e-01   8.4486657e-01   6.7708830e-03
   3.6000000e-01   8.6515510e-01   5.8582740e-03
   3.7000000e-01   8.8311400e-01   5.0663975e-03
   3.8000000e-01   8.9837420e-01   4.7755852e-03
   3.9000000e-01   9.1105095e-01   4.1852247e-03
   4.0000000e-01   9.2237902e-01   3.7967413e-03
   4.1000000e-01   9.3226943e-01   3.3960288e-03
   4.2000000e-01   9.4076004e-01   3.2895137e-03
   4.3000000e-01   9.4808312e-01   2.8429426e-03
   4.4000000e-01   9.5467602e-01   2.5817783e-03
   4.5000000e-01   9.6032857e-01   2.3891118e-03
   4.6000000e-01   9.6528092e-01   2.2914569e-03
   4.7000000e-01   9.6972068e-01   2.0323070e-03
   4.8000000e-01   9.7346254e-01   1.8821325e-03
   4.9000000e-01   9.7698691e-01   1.7113299e-03
   5.0000000e-01   9.7976194e-01   1.6817525e-03
   5.1000000e-01   9.8246683e-01   1.3939354e-03
   5.2000000e-01   9.8467812e-01   1.3506467e-03
   5.3000000e-01   9.8666434e-01   1.2711809e-03
   5.4000000e-01   9.8836324e-01   1.1890724e-03
   5.5000000e-01   9.8994885e-01   1.0751582e-03
   5.6000000e-01   9.9128601e-01   9.7649918e-04
   5.7000000e-01   9.9244505e-01   9.0825827e-04
   5.8000000e-01   9.9347313e-01   8.6476546e-04
   5.9000000e-01   9.9434466e-01   7.6579858e-04
   6.0000000e-01   9.9514735e-01   7.3968125e-04
   6.1000000e-01   9.9581928e-01   6.5573462e-04
   6.2000000e-01   9.9643027e-01   5.9727388e-04
   6.3000000e-01   9.9693626e-01   5.4922853e-04
   6.4000000e-01   9.9738651e-01   5.1168946e-04
   6.5000000e-01   9.9776024e-01   4.7292059e-04
   6.6000000e-01   9.9811079e-01   4.4274987e-04
   6.7000000e-01   9.9837582e-01   4.1703840e-04
   6.8000000e-01   9.9865724e-01   3.8377429e-04
   6.9000000e-01   9.9885415e-01   3.3044833e-04
   7.0000000e-01   9.9904955e-01   3.1442556e-04
   7.1000000e-01   9.9920230e-01   2.8415484e-04
   7.2000000e-01   9.9933437e-01   2.5579756e-04
   7.3000000e-01   9.9944136e-01   2.2959755e-04
   7.4000000e-01   9.9953447e-01   2.1825056e-04
   7.5000000e-01   9.9961848e-01   1.9154999e-04
   7.6000000e-01   9.9968282e-01   1.7473958e-04
   7.7000000e-01   9.9974326e-01   1.6306561e-04
   7.8000000e-01   9.9978032e-01   1.5132547e-04
   7.9000000e-01   9.9982637e-01   1.3433425e-04
   8.0000000e-01   9.9986793e-01   1.1246320e-04
   8.1000000e-01   9.9988851e-01   1.0726778e-04
   8.2000000e-01   9.9991489e-01   9.2410346e-05
   8.3000000e-01   9.9993307e-01   8.0305887e-05
   8.4000000e-01   9.9994745e-01   7.2324085e-05
   8.5000000e-01   9.9996034e-01   6.0924320e-05
   8.6000000e-01   9.9996843e-01   5.7089214e-05
   8.7000000e-01   9.9997622e-01   4.8288654e-05
   8.8000000e-01   9.9998072e-01   4.4675343e-05
   8.9000000e-01   9.9998611e-01   3.7888619e-05
   9.0000000e-01   9.9998941e-01   3.2352829e-05
   9.1000000e-01   9.9999191e-01   2.7634975e-05
   9.2000000e-01   9.9999481e-01   2.2192218e-05
   9.3000000e-01   9.9999680e-01   1.8150504e-05
   9.4000000e-01   9.9999700e-01   1.7050463e-05
   9.5000000e-01   9.9999810e-01   1.3645783e-05
   9.6000000e-01   9.9999920e-01   8.9040080e-06
   9.7000000e-01   9.9999980e-01   4.4654339e-06
   9.8000000e-01   9.9999990e-01   3.1591185e-06
   9.9000000e-01   1.0000000e+00   0.0000000e+00
   1.0000000e+00   1.0000000e+00   0.0000000e+00
